mobley_1199854	-1.854841	-2.21911	#systeme  DGsolv_calc  DGsolv_expt (kJ/mol)
11
#    charge    sigma(Ang)  epsilon(kJ/mol)  x         y         z        Zatomic
1 -0.095200   3.39967   1.91652            -0.510    -0.550     0.800         6
2 -0.076900   3.39967   1.91652             0.300    -0.520     2.080         6
3  0.069500   3.39967   1.91652             1.680    -1.160     1.890         6
4 -0.255100   3.83086   8.75920             2.800    -1.110     3.700        63
5  0.036900   2.64953   0.27504            -1.490    -0.090     0.960         1
6  0.036900   2.64953   0.27504             0.000    -0.000    -0.000         1
7  0.036900   2.64953   0.27504            -0.670    -1.580     0.460         1
8  0.052200   2.64953   0.27504            -0.250    -1.050     2.870         1
9  0.052200   2.64953   0.27504             0.420     0.520     2.410         1
10  0.071300   2.47135   0.27504             2.230    -0.640     1.100         1
11  0.071300   2.47135   0.27504             1.560    -2.200     1.560         1
