mobley_5200358	-40.525973	-41.20008	#systeme  DGsolv_calc  DGsolv_expt (kJ/mol)
26
#    charge    sigma(Ang)  epsilon(kJ/mol)  x         y         z        Zatomic
1 -0.093100   3.39967   1.91652             0.770     0.370     0.690         6
2 -0.024400   3.39967   1.91652             2.130     0.420     0.000         6
3 -0.093100   3.39967   1.91652             2.110     1.370    -1.200         6
4  0.383300   3.39967   1.50658             2.600    -0.950    -0.470         6
5 -0.363400   3.25000   2.97813             1.940    -1.650    -1.330         7
6 -0.254400   3.00001   2.97813             0.790    -0.930    -1.690         8
7  0.763401   3.39967   1.50658             0.070    -1.670    -2.590         6
8 -0.526101   2.95992   3.67887             0.400    -2.780    -3.010         8
9 -0.565201   3.25000   2.97813            -1.060    -0.980    -2.960         7
10  0.092900   3.39967   1.91652            -2.030    -1.480    -3.910         6
11 -0.311600   3.56359   4.37960             3.390     1.000     1.210        16
12 -0.029500   3.39967   1.91652             2.650     2.620     1.560         6
13  0.049700   2.64953   0.27504             0.790    -0.310     1.550         1
14  0.049700   2.64953   0.27504             0.470     1.360     1.070         1
15  0.049700   2.64953   0.27504            -0.020     0.020     0.010         1
16  0.049700   2.64953   0.27504             3.080     1.420    -1.700         1
17  0.049700   2.64953   0.27504             1.820     2.390    -0.900         1
18  0.049700   2.64953   0.27504             1.380     1.030    -1.940         1
19  0.058100   2.51055   0.26278             3.550    -1.320    -0.040         1
20  0.328600   1.06908   0.27504            -1.220    -0.070    -2.540         1
21  0.047900   2.47135   0.27504            -2.800    -2.050    -3.380         1
22  0.047900   2.47135   0.27504            -1.540    -2.130    -4.640         1
23  0.047900   2.47135   0.27504            -2.500    -0.650    -4.430         1
24  0.064200   2.47135   0.27504             3.270     3.150     2.290         1
25  0.064200   2.47135   0.27504             1.650     2.480     1.970         1
26  0.064200   2.47135   0.27504             2.590     3.200     0.640         1
