mobley_8899867	-17.96223	-22.98663	#systeme  DGsolv_calc  DGsolv_expt (kJ/mol)
16
#    charge    sigma(Ang)  epsilon(kJ/mol)  x         y         z        Zatomic
1 -0.078200   3.39967   1.91652            -0.510    -1.070     1.840         6
2 -0.078200   3.39967   1.91652             0.300    -0.040     1.050         6
3 -0.097500   3.39967   1.91652             1.770    -0.460     1.190         6
4  0.138200   3.39967   1.91652             1.810    -1.310     2.440         6
5 -0.097500   3.39967   1.91652             0.500    -2.080     2.370         6
6 -0.602801   3.06647   3.68587             1.820    -0.470     3.590         8
7  0.043000   2.64953   0.27504            -1.270    -1.550     1.220         1
8  0.043000   2.64953   0.27504            -1.020    -0.570     2.670         1
9  0.043000   2.64953   0.27504             0.000     0.000    -0.000         1
10  0.043000   2.64953   0.27504             0.150     0.960     1.470         1
11  0.051200   2.64953   0.27504             2.060    -1.050     0.310         1
12  0.051200   2.64953   0.27504             2.420     0.420     1.240         1
13  0.040600   2.47135   0.27504             2.690    -1.960     2.480         1
14  0.051200   2.64953   0.27504             0.590    -2.920     1.670         1
15  0.051200   2.64953   0.27504             0.180    -2.480     3.340         1
16  0.398600   0.00000   0.00000             1.850    -1.050     4.360         1
