mobley_1893937	5.279807	0.0	#systeme  DGsolv_calc  DGsolv_expt (kJ/mol)
20
#    charge    sigma(Ang)  epsilon(kJ/mol)  x         y         z        Zatomic
1 -0.092300   3.39967   1.91652             0.670    -0.650     0.580         6
2 -0.079900   3.39967   1.91652             0.030    -1.020     1.900         6
3 -0.079100   3.39967   1.91652             0.940    -1.930     2.730         6
4 -0.078800   3.39967   1.91652             0.290    -2.310     4.060         6
5 -0.092200   3.39967   1.91652             1.210    -3.210     4.890         6
6  0.039700   3.39967   1.91652             0.600    -3.620     6.230         6
7 -0.201400   3.47094   4.64238             1.700    -4.660     7.160        18
8  0.033800   2.64953   0.27504             0.010    -0.000    -0.010         1
9  0.033800   2.64953   0.27504             0.880    -1.540    -0.010         1
10  0.033800   2.64953   0.27504             1.610    -0.110     0.740         1
11  0.038500   2.64953   0.27504            -0.210    -0.110     2.460         1
12  0.038500   2.64953   0.27504            -0.920    -1.540     1.700         1
13  0.041300   2.64953   0.27504             1.890    -1.410     2.920         1
14  0.041300   2.64953   0.27504             1.180    -2.840     2.160         1
15  0.041800   2.64953   0.27504            -0.660    -2.830     3.870         1
16  0.041800   2.64953   0.27504             0.050    -1.390     4.620         1
17  0.056400   2.64953   0.27504             2.170    -2.710     5.050         1
18  0.056400   2.64953   0.27504             1.420    -4.120     4.320         1
19  0.063300   2.47135   0.27504             0.370    -2.740     6.840         1
20  0.063300   2.47135   0.27504            -0.320    -4.180     6.070         1
