mobley_8573194	-12.745228	-13.31466	#systeme  DGsolv_calc  DGsolv_expt (kJ/mol)
13
#    charge    sigma(Ang)  epsilon(kJ/mol)  x         y         z        Zatomic
1 -0.093100   3.39967   1.91652            -1.270    -1.060     0.690         6
2 -0.076900   3.39967   1.91652            -0.630    -0.030    -0.240         6
3 -0.198000   3.39967   1.91652             0.830     0.210     0.110         6
4  0.563001   3.39967   1.50658             1.480     1.230    -0.790         6
5 -0.524901   2.95992   3.67887             0.920     1.810    -1.710         8
6  0.034400   2.64953   0.27504            -2.320    -1.230     0.430         1
7  0.034400   2.64953   0.27504            -0.740    -2.020     0.610         1
8  0.034400   2.64953   0.27504            -1.220    -0.730     1.730         1
9  0.052900   2.64953   0.27504            -1.190     0.910    -0.170         1
10  0.052900   2.64953   0.27504            -0.720    -0.380    -1.270         1
11  0.066000   2.64953   0.27504             0.920     0.570     1.140         1
12  0.066000   2.64953   0.27504             1.400    -0.720     0.030         1
13 -0.011100   2.51055   0.26278             2.550     1.430    -0.570         1
