mobley_1231151	3.487771	-1.04675	#systeme  DGsolv_calc  DGsolv_expt (kJ/mol)
11
#    charge    sigma(Ang)  epsilon(kJ/mol)  x         y         z        Zatomic
1 -0.103900   3.39967   1.91652             0.870    -0.540     0.400         6
2  0.060800   3.39967   1.91652             1.010    -0.300     1.890         6
3 -0.103900   3.39967   1.91652             1.200     1.170     2.210         6
4 -0.212000   3.47094   4.64238             2.400    -1.230     2.520        18
5  0.048400   2.64953   0.27504             0.730    -1.610     0.180         1
6  0.048400   2.64953   0.27504            -0.010    -0.010     0.000         1
7  0.048400   2.64953   0.27504             1.750    -0.200    -0.150         1
8  0.068600   2.47135   0.27504             0.120    -0.680     2.410         1
9  0.048400   2.64953   0.27504             1.300     1.340     3.290         1
10  0.048400   2.64953   0.27504             0.340     1.760     1.860         1
11  0.048400   2.64953   0.27504             2.090     1.580     1.720         1
