mobley_5499659	-26.302734	-35.21267	#systeme  DGsolv_calc  DGsolv_expt (kJ/mol)
12
#    charge    sigma(Ang)  epsilon(kJ/mol)  x         y         z        Zatomic
1  0.026000   3.39967   1.91652             3.640    -2.410    -1.700         6
2 -0.210900   3.25000   2.97813             2.350    -2.040    -1.180         7
3 -0.263100   3.39967   1.50658             1.950    -0.770    -0.830         6
4  0.293100   3.39967   1.50658             0.660    -0.780    -0.360         6
5 -0.668901   3.25000   2.97813             0.260    -2.080    -0.440         7
6  0.389800   3.39967   1.50658             1.310    -2.800    -0.940         6
7  0.052700   2.47135   0.27504             3.600    -2.340    -2.790         1
8  0.052700   2.47135   0.27504             4.410    -1.740    -1.310         1
9  0.052700   2.47135   0.27504             3.870    -3.440    -1.400         1
10  0.174600   2.51055   0.26278             2.640     0.050    -0.930         1
11  0.042200   2.51055   0.26278             0.030     0.020    -0.010         1
12  0.059100   2.42146   0.26278             1.270    -3.870    -1.100         1
