mobley_8011706	-29.024284	-32.70047	#systeme  DGsolv_calc  DGsolv_expt (kJ/mol)
12
#    charge    sigma(Ang)  epsilon(kJ/mol)  x         y         z        Zatomic
1  0.082700   3.39967   1.91652             0.970    -0.060    -0.560         6
2 -0.497600   3.25000   2.97813             1.550    -1.360    -0.290         7
3  0.082700   3.39967   1.91652             0.780    -2.560    -0.610         6
4  0.658101   3.39967   1.50658             2.820    -1.440     0.250         6
5 -0.601601   2.95992   3.67887             3.560    -0.520     0.560         8
6  0.041400   2.47135   0.27504             0.410     0.290     0.320         1
7  0.041400   2.47135   0.27504             0.290    -0.110    -1.410         1
8  0.041400   2.47135   0.27504             1.760     0.670    -0.790         1
9  0.041400   2.47135   0.27504             1.000    -2.860    -1.630         1
10  0.041400   2.47135   0.27504            -0.280    -2.340    -0.510         1
11  0.041400   2.47135   0.27504             1.060    -3.350     0.080         1
12  0.027300   2.42146   0.26278             3.140    -2.490     0.400         1
