mobley_550662	-15.4919	-18.50654	#systeme  DGsolv_calc  DGsolv_expt (kJ/mol)
20
#    charge    sigma(Ang)  epsilon(kJ/mol)  x         y         z        Zatomic
1 -0.112500   3.39967   1.91652             0.140     0.100     1.080         6
2  0.524401   3.39967   1.91652             1.280    -0.830     1.560         6
3 -0.450300   3.00001   2.97813             0.750    -2.170     1.440         8
4  0.133700   3.39967   1.91652             1.660    -3.180     1.840         6
5 -0.450300   3.00001   2.97813             1.660    -0.520     2.920         8
6  0.133700   3.39967   1.91652             0.640    -0.650     3.890         6
7 -0.450300   3.00001   2.97813             2.400    -0.680     0.670         8
8  0.133700   3.39967   1.91652             3.210     0.460     0.890         6
9  0.061100   2.64953   0.27504             0.430     1.150     1.130         1
10  0.061100   2.64953   0.27504            -0.130    -0.140     0.050         1
11  0.061100   2.64953   0.27504            -0.760    -0.030     1.690         1
12  0.039400   2.47135   0.27504             1.190    -4.160     1.720         1
13  0.039400   2.47135   0.27504             1.940    -3.020     2.880         1
14  0.039400   2.47135   0.27504             2.550    -3.120     1.210         1
15  0.039400   2.47135   0.27504             1.040    -0.400     4.870         1
16  0.039400   2.47135   0.27504             0.270    -1.680     3.890         1
17  0.039400   2.47135   0.27504            -0.170     0.030     3.640         1
18  0.039400   2.47135   0.27504             4.030     0.470     0.160         1
19  0.039400   2.47135   0.27504             3.620     0.430     1.900         1
20  0.039400   2.47135   0.27504             2.600     1.360     0.770         1
