mobley_2802855	2.951835	-1.6748	#systeme  DGsolv_calc  DGsolv_expt (kJ/mol)
14
#    charge    sigma(Ang)  epsilon(kJ/mol)  x         y         z        Zatomic
1 -0.092900   3.39967   1.91652            -0.750     0.480    -1.760         6
2 -0.081200   3.39967   1.91652             0.030    -0.340    -0.750         6
3 -0.081700   3.39967   1.91652            -0.030     0.280     0.640         6
4 -0.006700   3.39967   1.91652             0.760    -0.540     1.640         6
5 -0.181400   3.59923   7.35773             0.660     0.280     3.410        40
6  0.035900   2.64953   0.27504            -0.700     0.030    -2.760         1
7  0.035900   2.64953   0.27504            -1.810     0.540    -1.470         1
8  0.035900   2.64953   0.27504            -0.360     1.500    -1.830         1
9  0.040600   2.64953   0.27504             1.080    -0.410    -1.080         1
10  0.040600   2.64953   0.27504            -0.370    -1.360    -0.720         1
11  0.056000   2.64953   0.27504             0.370     1.310     0.600         1
12  0.056000   2.64953   0.27504            -1.070     0.360     0.960         1
13  0.071500   2.47135   0.27504             1.820    -0.590     1.390         1
14  0.071500   2.47135   0.27504             0.360    -1.550     1.750         1
