mobley_8885088	5.15001	2.34472	#systeme  DGsolv_calc  DGsolv_expt (kJ/mol)
13
#    charge    sigma(Ang)  epsilon(kJ/mol)  x         y         z        Zatomic
1 -0.082800   3.39967   1.91652             1.020     0.740    -0.060         6
2 -0.057800   3.39967   1.91652             1.010    -0.760     0.220         6
3 -0.176900   3.39967   1.50658            -0.410    -1.130    -0.040         6
4 -0.176900   3.39967   1.50658            -1.200    -0.060    -0.150         6
5 -0.057800   3.39967   1.91652            -0.430     1.210     0.030         6
6  0.042800   2.64953   0.27504             1.410     0.930    -1.070         1
7  0.042800   2.64953   0.27504             1.670     1.290     0.630         1
8  0.049000   2.64953   0.27504             1.700    -1.290    -0.440         1
9  0.049000   2.64953   0.27504             1.270    -0.980     1.260         1
10  0.135300   2.59964   0.26278            -0.760    -2.150    -0.110         1
11  0.135300   2.59964   0.26278            -2.260    -0.100    -0.310         1
12  0.049000   2.64953   0.27504            -0.660     1.940    -0.750         1
13  0.049000   2.64953   0.27504            -0.650     1.650     1.010         1
