mobley_2844990	-11.13742	-16.07808	#systeme  DGsolv_calc  DGsolv_expt (kJ/mol)
22
#    charge    sigma(Ang)  epsilon(kJ/mol)  x         y         z        Zatomic
1 -0.118400   3.39967   1.50658            -1.000    -0.260     0.330         6
2 -0.103700   3.39967   1.50658            -1.440    -1.580     0.270         6
3  0.059900   3.39967   1.50658            -2.730    -1.910     0.690         6
4  0.069800   3.39967   1.50658            -3.580    -0.910     1.160         6
5 -0.109700   3.39967   1.50658            -3.150     0.420     1.220         6
6  0.018900   3.39967   1.50658            -1.860     0.740     0.800         6
7 -0.075800   3.47094   4.64238            -1.320     2.370     0.860        18
8 -0.215000   3.00001   2.97813            -4.860    -1.180     1.590         8
9  0.079200   3.39967   1.50658            -5.240    -2.500     1.510         6
10 -0.107900   3.39967   1.50658            -6.530    -2.820     1.930         6
11  0.025400   3.39967   1.50658            -6.960    -4.150     1.880         6
12  0.015900   3.39967   1.50658            -6.110    -5.140     1.400         6
13  0.030200   3.39967   1.50658            -4.820    -4.820     0.980         6
14  0.075400   3.39967   1.50658            -4.390    -3.490     1.040         6
15 -0.203700   3.00001   2.97813            -3.110    -3.220     0.620         8
16 -0.027000   3.47094   4.64238            -3.730    -6.030     0.380        18
17 -0.035900   3.47094   4.64238            -6.660    -6.790     1.330        18
18 -0.048900   3.47094   4.64238            -8.570    -4.480     2.410        18
19  0.158100   2.59964   0.26278             0.000    -0.010    -0.010         1
20  0.164200   2.59964   0.26278            -0.770    -2.350    -0.100         1
21  0.171700   2.59964   0.26278            -3.820     1.190     1.590         1
22  0.177300   2.59964   0.26278            -7.190    -2.040     2.300         1
