mobley_5094777	-7.335624	-6.11302	#systeme  DGsolv_calc  DGsolv_expt (kJ/mol)
19
#    charge    sigma(Ang)  epsilon(kJ/mol)  x         y         z        Zatomic
1 -0.131500   3.39967   1.50658            -0.910    -1.120     1.610         6
2 -0.131500   3.39967   1.50658            -0.190    -0.990     0.410         6
3 -0.118200   3.39967   1.50658             0.280    -2.120    -0.270         6
4 -0.087500   3.39967   1.50658             0.010    -3.370     0.270         6
5 -0.087500   3.39967   1.50658            -0.710    -3.490     1.470         6
6 -0.118200   3.39967   1.50658            -1.170    -2.380     2.150         6
7 -0.036400   3.39967   1.91652            -0.820    -4.930     1.870         6
8 -0.080500   3.39967   1.91652            -0.500    -5.640     0.540         6
9 -0.036400   3.39967   1.91652             0.440    -4.700    -0.240         6
10  0.129300   2.59964   0.26278            -1.270    -0.230     2.120         1
11  0.129300   2.59964   0.26278            -0.000    -0.000    -0.000         1
12  0.131750   2.59964   0.26278             0.840    -2.020    -1.190         1
13  0.131750   2.59964   0.26278            -1.710    -2.480     3.080         1
14  0.053600   2.64953   0.27504            -0.080    -5.170     2.630         1
15  0.053600   2.64953   0.27504            -1.820    -5.190     2.230         1
16  0.045600   2.64953   0.27504            -0.070    -6.630     0.690         1
17  0.045600   2.64953   0.27504            -1.430    -5.760    -0.030         1
18  0.053600   2.64953   0.27504             1.490    -4.890     0.030         1
19  0.053600   2.64953   0.27504             0.300    -4.810    -1.320         1
