mobley_1079207	-0.46057	-4.10326	#systeme  DGsolv_calc  DGsolv_expt (kJ/mol)
12
#    charge    sigma(Ang)  epsilon(kJ/mol)  x         y         z        Zatomic
1 -0.113000   3.39967   1.50658             1.890    -1.040    -0.110         6
2 -0.125100   3.39967   1.50658             2.920    -1.630     0.610         6
3  0.024400   3.39967   1.50658             2.880    -1.650     2.000         6
4 -0.121000   3.39967   1.50658             1.800    -1.080     2.680         6
5  0.024400   3.39967   1.50658             0.760    -0.480     1.960         6
6 -0.125100   3.39967   1.50658             0.810    -0.460     0.560         6
7 -0.085000   3.47094   4.64238            -0.570     0.220     2.790        18
8 -0.085000   3.47094   4.64238             4.160    -2.380     2.890        18
9  0.143800   2.59964   0.26278             1.920    -1.020    -1.200         1
10  0.150100   2.59964   0.26278             3.760    -2.070     0.070         1
11  0.161400   2.59964   0.26278             1.770    -1.100     3.760         1
12  0.150100   2.59964   0.26278             0.010    -0.000    -0.010         1
