mobley_3325209	-23.275533	-16.91548	#systeme  DGsolv_calc  DGsolv_expt (kJ/mol)
27
#    charge    sigma(Ang)  epsilon(kJ/mol)  x         y         z        Zatomic
1  0.123000   3.39967   1.91652             0.790     0.800    -0.350         6
2 -0.435300   3.00001   2.97813             0.700     1.880     0.570         8
3  0.562901   3.39967   1.91652            -0.580     2.540     0.650         6
4 -0.134000   3.39967   1.50658            -0.920     3.100    -0.740         6
5 -0.093800   3.39967   1.50658            -0.080     4.030    -1.350         6
6 -0.142200   3.39967   1.50658            -0.390     4.540    -2.610         6
7 -0.115100   3.39967   1.50658            -1.540     4.110    -3.270         6
8 -0.142200   3.39967   1.50658            -2.380     3.170    -2.670         6
9 -0.093800   3.39967   1.50658            -2.070     2.670    -1.410         6
10 -0.435300   3.00001   2.97813            -1.610     1.630     1.100         8
11  0.123000   3.39967   1.91652            -1.370     1.080     2.390         6
12 -0.435300   3.00001   2.97813            -0.430     3.660     1.550         8
13  0.123000   3.39967   1.91652            -1.600     4.450     1.770         6
14  0.042900   2.47135   0.27504             1.800     0.380    -0.330         1
15  0.042900   2.47135   0.27504             0.550     1.150    -1.360         1
16  0.042900   2.47135   0.27504             0.070     0.030    -0.050         1
17  0.153100   2.59964   0.26278             0.820     4.370    -0.840         1
18  0.135300   2.59964   0.26278             0.260     5.260    -3.080         1
19  0.132200   2.59964   0.26278            -1.780     4.500    -4.250         1
20  0.135300   2.59964   0.26278            -3.280     2.830    -3.180         1
21  0.153100   2.59964   0.26278            -2.740     1.940    -0.940         1
22  0.042900   2.47135   0.27504            -2.190     0.410     2.650         1
23  0.042900   2.47135   0.27504            -1.290     1.890     3.120         1
24  0.042900   2.47135   0.27504            -0.430     0.530     2.370         1
25  0.042900   2.47135   0.27504            -1.370     5.250     2.460         1
26  0.042900   2.47135   0.27504            -2.390     3.810     2.170         1
27  0.042900   2.47135   0.27504            -1.920     4.860     0.810         1
