mobley_1396156	-5.376108	-21.85614	#systeme  DGsolv_calc  DGsolv_expt (kJ/mol)
14
#    charge    sigma(Ang)  epsilon(kJ/mol)  x         y         z        Zatomic
1 -0.153400   3.39967   1.50658             1.890    -1.040    -0.110         6
2  0.071500   3.39967   1.50658             2.920    -1.630     0.610         6
3  0.005700   3.39967   1.50658             2.880    -1.650     2.000         6
4  0.054600   3.39967   1.50658             1.800    -1.080     2.680         6
5  0.005700   3.39967   1.50658             0.760    -0.480     1.960         6
6  0.071500   3.39967   1.50658             0.810    -0.460     0.560         6
7  0.005500   3.47094   4.64238            -0.480     0.270    -0.360        18
8 -0.012400   3.47094   4.64238            -0.580     0.230     2.790        18
9 -0.009400   3.47094   4.64238             1.750    -1.110     4.420        18
10 -0.012400   3.47094   4.64238             4.170    -2.400     2.900        18
11  0.005500   3.47094   4.64238             4.260    -2.340    -0.250        18
12  0.316600   3.25000   2.97813             1.930    -1.010    -1.540         7
13 -0.174500   2.95992   3.67887             0.990    -0.480    -2.160         8
14 -0.174500   2.95992   3.67887             2.910    -1.540    -2.120         8
