mobley_1893815	-0.381017	-5.98741	#systeme  DGsolv_calc  DGsolv_expt (kJ/mol)
8
#    charge    sigma(Ang)  epsilon(kJ/mol)  x         y         z        Zatomic
1  0.008000   3.39967   1.91652            -0.230    -0.320     0.710         6
2  0.242200   3.39967   1.91652             0.150     0.180    -0.680         6
3 -0.104300   3.47094   4.64238             1.920     0.380    -0.850        18
4 -0.104300   3.47094   4.64238            -0.400    -1.020    -1.890        18
5 -0.104300   3.47094   4.64238            -0.660     1.740    -1.050        18
6 -0.134900   3.47094   4.64238             0.290     0.780     2.030        18
7  0.098800   2.47135   0.27504             0.230    -1.290     0.920         1
8  0.098800   2.47135   0.27504            -1.310    -0.440     0.810         1
