mobley_8436428	11.539372	11.84921	#systeme  DGsolv_calc  DGsolv_expt (kJ/mol)
23
#    charge    sigma(Ang)  epsilon(kJ/mol)  x         y         z        Zatomic
1 -0.090000   3.39967   1.91652            -0.180    -0.310    -1.060         6
2 -0.067000   3.39967   1.91652            -1.610     0.030    -1.470         6
3 -0.090000   3.39967   1.91652            -1.780    -0.200    -2.970         6
4 -0.070600   3.39967   1.91652            -2.650    -0.810    -0.700         6
5 -0.067000   3.39967   1.91652            -2.650    -0.650     0.840         6
6 -0.090000   3.39967   1.91652            -2.920     0.790     1.270         6
7 -0.090000   3.39967   1.91652            -3.690    -1.580     1.460         6
8  0.033000   2.64953   0.27504            -0.040    -0.150     0.020         1
9  0.033000   2.64953   0.27504             0.070    -1.350    -1.270         1
10  0.033000   2.64953   0.27504             0.540     0.330    -1.590         1
11  0.046200   2.64953   0.27504            -1.790     1.090    -1.280         1
12  0.033000   2.64953   0.27504            -2.810     0.040    -3.290         1
13  0.033000   2.64953   0.27504            -1.100     0.430    -3.550         1
14  0.033000   2.64953   0.27504            -1.580    -1.240    -3.240         1
15  0.038100   2.64953   0.27504            -2.500    -1.870    -0.940         1
16  0.038100   2.64953   0.27504            -3.650    -0.550    -1.070         1
17  0.046200   2.64953   0.27504            -1.670    -0.950     1.230         1
18  0.033000   2.64953   0.27504            -2.910     0.890     2.360         1
19  0.033000   2.64953   0.27504            -2.170     1.480     0.870         1
20  0.033000   2.64953   0.27504            -3.900     1.130     0.930         1
21  0.033000   2.64953   0.27504            -3.710    -1.480     2.550         1
22  0.033000   2.64953   0.27504            -4.700    -1.350     1.080         1
23  0.033000   2.64953   0.27504            -3.470    -2.630     1.220         1
