mobley_5571660	-23.32159	-21.81427	#systeme  DGsolv_calc  DGsolv_expt (kJ/mol)
20
#    charge    sigma(Ang)  epsilon(kJ/mol)  x         y         z        Zatomic
1 -0.042100   3.39967   1.91652             1.960    -1.030    -1.610         6
2 -0.162200   3.39967   1.50658             1.890    -1.040    -0.110         6
3 -0.083800   3.39967   1.50658             2.920    -1.630     0.610         6
4 -0.186400   3.39967   1.50658             2.880    -1.650     2.000         6
5 -0.083800   3.39967   1.50658             1.800    -1.080     2.680         6
6 -0.162200   3.39967   1.50658             0.760    -0.480     1.960         6
7  0.203600   3.39967   1.50658             0.810    -0.460     0.560         6
8 -0.890301   3.25000   2.97813            -0.240     0.140    -0.170         7
9 -0.042100   3.39967   1.91652            -0.380     0.120     2.700         6
10  0.036900   2.64953   0.27504             2.480    -0.130    -1.950         1
11  0.036900   2.64953   0.27504             2.500    -1.910    -1.980         1
12  0.036900   2.64953   0.27504             0.960    -1.050    -2.050         1
13  0.126100   2.59964   0.26278             3.770    -2.080     0.090         1
14  0.129300   2.59964   0.26278             3.690    -2.110     2.560         1
15  0.126100   2.59964   0.26278             1.780    -1.100     3.760         1
16  0.423200   1.06908   0.27504            -0.170     0.190    -1.160         1
17  0.423200   1.06908   0.27504            -0.980     0.590     0.330         1
18  0.036900   2.64953   0.27504            -0.170     1.180     2.920         1
19  0.036900   2.64953   0.27504            -1.310     0.060     2.130         1
20  0.036900   2.64953   0.27504            -0.550    -0.400     3.650         1
