mobley_6988468	-13.85897	-18.12971	#systeme  DGsolv_calc  DGsolv_expt (kJ/mol)
17
#    charge    sigma(Ang)  epsilon(kJ/mol)  x         y         z        Zatomic
1 -0.089200   3.39967   1.91652             0.390    -1.300     5.880         6
2 -0.133900   3.39967   1.91652             0.980    -2.130     4.760         6
3  0.411400   3.39967   1.50658             0.730    -1.520     3.420         6
4 -0.243700   3.39967   1.50658             1.650    -0.620     2.900         6
5 -0.091100   3.39967   1.50658             1.390    -0.070     1.650         6
6 -0.252800   3.39967   1.50658             0.230    -0.420     0.970         6
7  0.398400   3.39967   1.50658            -0.630    -1.320     1.580         6
8 -0.667301   3.25000   2.97813            -0.410    -1.880     2.790         7
9  0.038600   2.64953   0.27504             0.580    -1.750     6.860         1
10  0.038600   2.64953   0.27504            -0.690    -1.200     5.760         1
11  0.038600   2.64953   0.27504             0.820    -0.290     5.900         1
12  0.055300   2.64953   0.27504             0.560    -3.140     4.790         1
13  0.055300   2.64953   0.27504             2.060    -2.250     4.910         1
14  0.142600   2.59964   0.26278             2.550    -0.360     3.440         1
15  0.136700   2.59964   0.26278             2.090     0.640     1.210         1
16  0.141600   2.59964   0.26278             0.000    -0.000    -0.000         1
17  0.020900   2.51055   0.26278            -1.550    -1.630     1.090         1
