mobley_3867265	-14.679622	-15.9106	#systeme  DGsolv_calc  DGsolv_expt (kJ/mol)
10
#    charge    sigma(Ang)  epsilon(kJ/mol)  x         y         z        Zatomic
1 -0.202800   3.39967   1.91652            -0.700    -0.410     0.730         6
2  0.563401   3.39967   1.50658            -0.060    -0.450     2.090         6
3 -0.535801   2.95992   3.67887             0.100    -1.500     2.700         8
4 -0.202800   3.39967   1.91652             0.390     0.870     2.660         6
5  0.063000   2.64953   0.27504            -1.780    -0.280     0.840         1
6  0.063000   2.64953   0.27504            -0.280     0.410     0.150         1
7  0.063000   2.64953   0.27504            -0.510    -1.350     0.200         1
8  0.063000   2.64953   0.27504            -0.430     1.310     3.240         1
9  0.063000   2.64953   0.27504             0.650     1.550     1.850         1
10  0.063000   2.64953   0.27504             1.250     0.720     3.320         1
