mobley_1963873	-34.651612	-41.87	#systeme  DGsolv_calc  DGsolv_expt (kJ/mol)
12
#    charge    sigma(Ang)  epsilon(kJ/mol)  x         y         z        Zatomic
1 -0.176700   3.39967   1.91652             0.950    -0.230     0.510         6
2  0.659901   3.39967   1.50658             0.740    -0.940     1.800         6
3 -0.603701   2.95992   3.67887             0.170    -2.020     1.810         8
4 -0.583801   3.25000   2.97813             1.250    -0.280     2.900         7
5  0.084100   3.39967   1.91652             1.160    -0.790     4.250         6
6  0.064100   2.64953   0.27504             0.120     0.450     0.270         1
7  0.064100   2.64953   0.27504             1.850     0.410     0.520         1
8  0.064100   2.64953   0.27504             1.060    -0.880    -0.380         1
9  0.304900   1.06908   0.27504             1.710     0.620     2.750         1
10  0.041000   2.47135   0.27504             2.040    -1.400     4.470         1
11  0.041000   2.47135   0.27504             0.260    -1.400     4.360         1
12  0.041000   2.47135   0.27504             1.120     0.040     4.960         1
