mobley_6620221	-46.584562	-40.23707	#systeme  DGsolv_calc  DGsolv_expt (kJ/mol)
31
#    charge    sigma(Ang)  epsilon(kJ/mol)  x         y         z        Zatomic
1 -0.101300   3.39967   1.91652             5.070    -3.740    -0.450         6
2  0.142300   3.39967   1.91652             3.730    -4.020    -1.140         6
3 -0.044200   3.39967   1.91652             2.690    -4.580    -0.150         6
4 -0.151600   3.39967   1.50658             1.860    -3.380     0.060         6
5 -0.078600   3.39967   1.50658             0.830    -3.170     0.970         6
6 -0.159600   3.39967   1.50658             0.170    -1.940     0.940         6
7 -0.090200   3.39967   1.50658             0.530    -0.950     0.010         6
8  0.087300   3.39967   1.50658             1.560    -1.180    -0.900         6
9  0.125500   3.39967   1.50658             2.210    -2.400    -0.850         6
10 -0.303700   3.00001   2.97813             3.240    -2.760    -1.680         8
11 -0.357000   3.00001   2.97813             1.910    -0.230    -1.800         8
12  0.741801   3.39967   1.50658             2.910     0.670    -1.370         6
13 -0.566101   2.95992   3.67887             3.430     0.620    -0.260         8
14 -0.559401   3.25000   2.97813             3.200     1.600    -2.350         7
15  0.096100   3.39967   1.91652             4.180     2.650    -2.190         6
16 -0.101300   3.39967   1.91652             3.940    -4.970    -2.320         6
17  0.049200   2.64953   0.27504             5.490    -4.660    -0.030         1
18  0.049200   2.64953   0.27504             5.800    -3.330    -1.170         1
19  0.049200   2.64953   0.27504             4.940    -3.020     0.360         1
20  0.067300   2.64953   0.27504             2.080    -5.370    -0.600         1
21  0.067300   2.64953   0.27504             3.140    -4.950     0.780         1
22  0.136800   2.59964   0.26278             0.540    -3.930     1.680         1
23  0.136000   2.59964   0.26278            -0.640    -1.750     1.640         1
24  0.146800   2.59964   0.26278            -0.000    -0.000     0.000         1
25  0.332000   1.06908   0.27504             2.690     1.550    -3.220         1
26  0.046200   2.47135   0.27504             5.150     2.300    -2.520         1
27  0.046200   2.47135   0.27504             4.240     2.940    -1.140         1
28  0.046200   2.47135   0.27504             3.890     3.520    -2.780         1
29  0.049200   2.64953   0.27504             2.990    -5.170    -2.810         1
30  0.049200   2.64953   0.27504             4.360    -5.910    -1.970         1
31  0.049200   2.64953   0.27504             4.630    -4.520    -3.040         1
