mobley_8117218	-21.684473	-20.18134	#systeme  DGsolv_calc  DGsolv_expt (kJ/mol)
27
#    charge    sigma(Ang)  epsilon(kJ/mol)  x         y         z        Zatomic
1 -0.110500   3.39967   1.91652             2.510    -0.060    -0.410         6
2 -0.048100   3.39967   1.91652             1.960    -0.750     0.840         6
3  0.096700   2.64953   0.27504             2.250    -1.800     0.970         1
4 -0.072100   3.39967   1.91652             0.430    -0.470     0.840         6
5  0.076500   2.64953   0.27504             0.120    -0.420     1.890         1
6 -0.072100   3.39967   1.91652             0.360     0.970     0.190         6
7  0.076500   2.64953   0.27504             0.010     1.700     0.940         1
8 -0.048100   3.39967   1.91652             1.860     1.290    -0.080         6
9  0.096700   2.64953   0.27504             2.050     2.100    -0.780         1
10  0.042600   3.39967   1.50658             2.450     1.550     1.330         6
11  0.114200   2.47135   0.27504             2.070     2.380     1.890         1
12  0.042600   3.39967   1.50658             2.520     0.170     1.940         6
13  0.114200   2.47135   0.27504             2.200     0.010     2.960         1
14 -0.377800   3.00001   2.97813             3.700     0.930     1.670         8
15  0.092400   3.39967   1.91652            -0.790     0.800    -0.870         6
16 -0.041700   3.39967   1.50658            -2.020     0.660     0.030         6
17 -0.041700   3.39967   1.50658            -1.960    -0.570     0.590         6
18  0.092400   3.39967   1.91652            -0.690    -1.240     0.060         6
19  0.143500   3.39967   1.91652            -0.780    -0.670    -1.390         6
20 -0.093200   3.47094   4.64238            -2.320    -1.150    -2.280        18
21 -0.093200   3.47094   4.64238             0.450    -1.150    -2.570        18
22 -0.073400   3.47094   4.64238            -0.620    -2.980     0.190        18
23 -0.003800   3.47094   4.64238            -3.010    -1.260     1.720        18
24 -0.003800   3.47094   4.64238            -3.170     1.870     0.300        18
25 -0.073400   3.47094   4.64238            -0.860     2.040    -2.090        18
26  0.082300   2.64953   0.27504             2.250    -0.490    -1.350         1
27  0.082300   2.64953   0.27504             3.600    -0.010    -0.420         1
