mobley_3639400	4.157691	-0.66992	#systeme  DGsolv_calc  DGsolv_expt (kJ/mol)
14
#    charge    sigma(Ang)  epsilon(kJ/mol)  x         y         z        Zatomic
1 -0.092200   3.39967   1.91652            -0.120     0.540     0.950         6
2 -0.080700   3.39967   1.91652             0.590    -0.210     2.070         6
3 -0.092400   3.39967   1.91652             0.440     0.520     3.400         6
4  0.039700   3.39967   1.91652             1.150    -0.230     4.520         6
5 -0.202000   3.47094   4.64238             0.970     0.630     6.060        18
6  0.036000   2.64953   0.27504            -0.010     0.010    -0.010         1
7  0.036000   2.64953   0.27504            -1.190     0.630     1.160         1
8  0.036000   2.64953   0.27504             0.290     1.550     0.830         1
9  0.040200   2.64953   0.27504             1.650    -0.310     1.810         1
10  0.040200   2.64953   0.27504             0.170    -1.220     2.150         1
11  0.056100   2.64953   0.27504             0.860     1.530     3.320         1
12  0.056100   2.64953   0.27504            -0.620     0.630     3.650         1
13  0.063500   2.47135   0.27504             2.230    -0.330     4.310         1
14  0.063500   2.47135   0.27504             0.730    -1.240     4.650         1
