mobley_8427539	-34.79397	-39.3578	#systeme  DGsolv_calc  DGsolv_expt (kJ/mol)
12
#    charge    sigma(Ang)  epsilon(kJ/mol)  x         y         z        Zatomic
1 -0.084700   3.39967   1.91652             0.630     0.270     0.850         6
2 -0.152000   3.39967   1.91652             1.050    -0.960     1.640         6
3  0.659501   3.39967   1.50658            -0.140    -1.730     2.180         6
4 -0.607601   2.95992   3.67887            -1.310    -1.400     2.020         8
5 -0.686701   3.25000   2.97813             0.250    -2.850     2.890         7
6  0.045900   2.64953   0.27504             1.510     0.800     0.480         1
7  0.045900   2.64953   0.27504            -0.000     0.000     0.000         1
8  0.045900   2.64953   0.27504             0.060     0.960     1.480         1
9  0.057900   2.64953   0.27504             1.690    -0.660     2.480         1
10  0.057900   2.64953   0.27504             1.630    -1.630     0.990         1
11  0.309000   1.06908   0.27504             1.220    -3.100     3.020         1
12  0.309000   1.06908   0.27504            -0.450    -3.460     3.320         1
