mobley_9139060	8.030666	8.83457	#systeme  DGsolv_calc  DGsolv_expt (kJ/mol)
24
#    charge    sigma(Ang)  epsilon(kJ/mol)  x         y         z        Zatomic
1 -0.089000   3.39967   1.91652            -0.620    -2.580     0.670         6
2 -0.065000   3.39967   1.91652             0.420    -1.670     1.320         6
3 -0.072300   3.39967   1.91652             0.870    -0.570     0.350         6
4 -0.072300   3.39967   1.91652             1.880     0.380     0.990         6
5 -0.065000   3.39967   1.91652             1.320     1.000     2.280         6
6 -0.072300   3.39967   1.91652             0.870    -0.100     3.260         6
7 -0.072300   3.39967   1.91652            -0.130    -1.050     2.620         6
8 -0.089000   3.39967   1.91652             2.360     1.900     2.940         6
9  0.033000   2.64953   0.27504            -0.230    -3.010    -0.250         1
10  0.033000   2.64953   0.27504            -0.900    -3.390     1.350         1
11  0.033000   2.64953   0.27504            -1.520    -2.010     0.420         1
12  0.045600   2.64953   0.27504             1.290    -2.290     1.580         1
13  0.038500   2.64953   0.27504             1.320    -1.030    -0.540         1
14  0.038500   2.64953   0.27504            -0.000    -0.000     0.000         1
15  0.038500   2.64953   0.27504             2.800    -0.170     1.200         1
16  0.038500   2.64953   0.27504             2.130     1.170     0.280         1
17  0.045600   2.64953   0.27504             0.450     1.610     2.030         1
18  0.038500   2.64953   0.27504             1.740    -0.670     3.600         1
19  0.038500   2.64953   0.27504             0.420     0.350     4.150         1
20  0.038500   2.64953   0.27504            -0.380    -1.850     3.330         1
21  0.038500   2.64953   0.27504            -1.060    -0.510     2.400         1
22  0.033000   2.64953   0.27504             1.960     2.330     3.850         1
23  0.033000   2.64953   0.27504             2.630     2.710     2.250         1
24  0.033000   2.64953   0.27504             3.260     1.330     3.180         1
