mobley_3201701	-58.07369	-39.39967	#systeme  DGsolv_calc  DGsolv_expt (kJ/mol)
35
#    charge    sigma(Ang)  epsilon(kJ/mol)  x         y         z        Zatomic
1 -0.027100   3.39967   1.91652             4.450    -1.310     1.190         6
2 -0.359100   3.39967   1.50658             4.110    -2.660     1.710         6
3  0.489900   3.39967   1.50658             4.900    -3.770     1.460         6
4 -0.758401   3.25000   2.97813             4.620    -5.000     1.930         7
5  0.901001   3.39967   1.50658             3.500    -5.100     2.660         6
6 -0.753901   3.25000   2.97813             2.650    -4.100     2.970         7
7  0.699201   3.39967   1.50658             2.990    -2.890     2.480         6
8 -0.490800   3.00001   2.97813             2.120    -1.830     2.780         8
9  0.761401   3.39967   1.50658             1.980    -1.590     4.150         6
10 -0.553901   2.95992   3.67887             2.560    -2.240     5.020         8
11 -0.465000   3.25000   2.97813             1.110    -0.520     4.410         7
12  0.092000   3.39967   1.91652             0.840    -0.120     5.780         6
13  0.092000   3.39967   1.91652             0.430     0.250     3.370         6
14 -0.758001   3.25000   2.97813             3.180    -6.380     3.160         7
15  0.206300   3.39967   1.91652             4.030    -7.510     2.880         6
16  0.206300   3.39967   1.91652             1.990    -6.570     3.970         6
17 -0.155200   3.39967   1.91652             6.140    -3.640     0.650         6
18  0.045100   2.64953   0.27504             5.070    -0.770     1.910         1
19  0.045100   2.64953   0.27504             4.990    -1.380     0.240         1
20  0.045100   2.64953   0.27504             3.540    -0.730     1.000         1
21  0.047700   2.47135   0.27504             1.560     0.630     6.090         1
22  0.047700   2.47135   0.27504             0.910    -0.990     6.430         1
23  0.047700   2.47135   0.27504            -0.170     0.290     5.840         1
24  0.047700   2.47135   0.27504            -0.520    -0.220     3.150         1
25  0.047700   2.47135   0.27504             1.050     0.270     2.480         1
26  0.047700   2.47135   0.27504             0.280     1.260     3.730         1
27  0.046000   2.47135   0.27504             3.620    -8.410     3.340         1
28  0.046000   2.47135   0.27504             5.030    -7.320     3.270         1
29  0.046000   2.47135   0.27504             4.100    -7.660     1.800         1
30  0.046000   2.47135   0.27504             1.920    -7.620     4.260         1
31  0.046000   2.47135   0.27504             1.110    -6.290     3.400         1
32  0.046000   2.47135   0.27504             2.060    -5.950     4.870         1
33  0.058600   2.64953   0.27504             7.000    -3.410     1.290         1
34  0.058600   2.64953   0.27504             6.360    -4.570     0.100         1
35  0.058600   2.64953   0.27504             6.050    -2.840    -0.100         1
