mobley_6935906	-12.410268	-10.42563	#systeme  DGsolv_calc  DGsolv_expt (kJ/mol)
34
#    charge    sigma(Ang)  epsilon(kJ/mol)  x         y         z        Zatomic
1 -0.064200   3.39967   1.91652            -2.690     0.830     2.480         6
2 -0.106300   3.39967   1.50658            -3.160     2.250     2.400         6
3 -0.178800   3.39967   1.50658            -3.860     2.900     3.350         6
4 -0.035600   3.39967   1.91652            -4.360     4.320     3.320         6
5 -0.103100   3.39967   1.91652            -3.320     5.270     3.920         6
6  0.213400   3.39967   1.91652            -3.730     6.760     3.940         6
7 -0.122700   3.39967   1.91652            -5.000     6.970     4.760         6
8 -0.159100   3.39967   1.50658            -3.770     7.330     2.540         6
9 -0.205800   3.39967   1.50658            -4.820     7.870     1.910         6
10 -0.447300   3.00001   2.97813            -2.690     7.470     4.650         8
11  0.642501   3.39967   1.50658            -2.890     8.810     4.760         6
12 -0.555101   2.95992   3.67887            -3.840     9.450     4.330         8
13 -0.153200   3.39967   1.91652            -1.740     9.420     5.520         6
14 -0.064200   3.39967   1.91652            -2.760     2.960     1.130         6
15  0.041900   2.64953   0.27504            -3.450     0.160     2.070         1
16  0.041900   2.64953   0.27504            -2.520     0.550     3.530         1
17  0.041900   2.64953   0.27504            -1.770     0.640     1.930         1
18  0.117700   2.59964   0.26278            -4.110     2.350     4.260         1
19  0.045300   2.64953   0.27504            -4.550     4.580     2.280         1
20  0.045300   2.64953   0.27504            -5.320     4.410     3.840         1
21  0.066100   2.64953   0.27504            -2.370     5.170     3.370         1
22  0.066100   2.64953   0.27504            -3.080     4.950     4.950         1
23  0.054100   2.64953   0.27504            -5.290     8.030     4.770         1
24  0.054100   2.64953   0.27504            -5.850     6.390     4.380         1
25  0.054100   2.64953   0.27504            -4.840     6.690     5.810         1
26  0.131400   2.59964   0.26278            -2.830     7.300     1.990         1
27  0.115500   2.59964   0.26278            -4.760     8.250     0.900         1
28  0.115500   2.59964   0.26278            -5.780     7.920     2.410         1
29  0.074300   2.64953   0.27504            -0.960     9.710     4.820         1
30  0.074300   2.64953   0.27504            -1.360     8.700     6.240         1
31  0.074300   2.64953   0.27504            -2.090    10.300     6.050         1
32  0.041900   2.64953   0.27504            -3.530     2.830     0.360         1
33  0.041900   2.64953   0.27504            -2.620     4.040     1.280         1
34  0.041900   2.64953   0.27504            -1.820     2.560     0.750         1
