mobley_7794077	-72.640263	-64.73102	#systeme  DGsolv_calc  DGsolv_expt (kJ/mol)
15
#    charge    sigma(Ang)  epsilon(kJ/mol)  x         y         z        Zatomic
1  0.117900   3.39967   1.50658             1.160     1.510     2.580         6
2 -0.367400   3.39967   1.50658             0.780     0.390     1.950         6
3  0.732101   3.39967   1.50658             1.540    -0.870     2.230         6
4 -0.575201   2.95992   3.67887             1.240    -1.930     1.690         8
5 -0.584301   3.25000   2.97813             2.580    -0.740     3.140         7
6  0.804901   3.39967   1.50658             2.960     0.430     3.790         6
7 -0.612901   2.95992   3.67887             3.900     0.470     4.590         8
8 -0.459500   3.25000   2.97813             2.200     1.540     3.470         7
9  0.725101   3.39967   1.91652            -0.350     0.330     0.980         6
10 -0.229200   3.11815   1.06862            -0.930     1.540     0.840        10
11 -0.229200   3.11815   1.06862             0.070    -0.080    -0.240        10
12 -0.229200   3.11815   1.06862            -1.310    -0.530     1.400        10
13  0.179400   2.51055   0.26278             0.660     2.460     2.430         1
14  0.362200   1.06908   0.27504             3.110    -1.580     3.350         1
15  0.365300   1.06908   0.27504             2.420     2.440     3.900         1
