mobley_1800170	-1.653865	-4.77318	#systeme  DGsolv_calc  DGsolv_expt (kJ/mol)
9
#    charge    sigma(Ang)  epsilon(kJ/mol)  x         y         z        Zatomic
1 -0.098800   3.39967   1.91652             0.440    -0.350     0.940         6
2  0.005900   3.39967   1.91652             1.850    -0.870     0.730         6
3 -0.381100   3.56359   4.37960             2.930     0.450     0.090        16
4  0.043300   2.64953   0.27504            -0.220    -1.130     1.330         1
5  0.043300   2.64953   0.27504             0.420     0.500     1.630         1
6  0.043300   2.64953   0.27504             0.030    -0.010    -0.020         1
7  0.072000   2.47135   0.27504             1.850    -1.700     0.020         1
8  0.072000   2.47135   0.27504             2.260    -1.230     1.680         1
9  0.200100   1.06908   0.27504             2.770     1.280     1.130         1
