mobley_5110043	-11.924576	-11.01181	#systeme  DGsolv_calc  DGsolv_expt (kJ/mol)
24
#    charge    sigma(Ang)  epsilon(kJ/mol)  x         y         z        Zatomic
1 -0.053900   3.39967   1.91652            -1.880    -1.700     0.930         6
2 -0.076900   3.39967   1.50658            -0.500    -2.030     0.490         6
3 -0.123600   3.39967   1.50658             0.350    -1.030     0.040         6
4 -0.116300   3.39967   1.50658             1.650    -1.340    -0.370         6
5 -0.035500   3.39967   1.50658             2.120    -2.660    -0.320         6
6 -0.120700   3.39967   1.50658             3.420    -2.990    -0.730         6
7 -0.076900   3.39967   1.50658             3.870    -4.310    -0.680         6
8 -0.123600   3.39967   1.50658             3.020    -5.320    -0.220         6
9 -0.116300   3.39967   1.50658             1.720    -5.010     0.180         6
10 -0.035500   3.39967   1.50658             1.260    -3.680     0.140         6
11 -0.120700   3.39967   1.50658            -0.050    -3.350     0.550         6
12 -0.053800   3.39967   1.91652             5.260    -4.640    -1.110         6
13  0.044200   2.64953   0.27504            -1.900    -1.470     2.000         1
14  0.044200   2.64953   0.27504            -2.270    -0.840     0.370         1
15  0.044200   2.64953   0.27504            -2.560    -2.540     0.740         1
16  0.131850   2.59964   0.26278             0.010     0.000    -0.000         1
17  0.131300   2.59964   0.26278             2.290    -0.530    -0.720         1
18  0.131100   2.59964   0.26278             4.090    -2.210    -1.080         1
19  0.131850   2.59964   0.26278             3.370    -6.350    -0.180         1
20  0.131300   2.59964   0.26278             1.080    -5.810     0.540         1
21  0.131100   2.59964   0.26278            -0.720    -4.130     0.900         1
22  0.044200   2.64953   0.27504             5.950    -4.580    -0.260         1
23  0.044200   2.64953   0.27504             5.310    -5.660    -1.520         1
24  0.044200   2.64953   0.27504             5.600    -3.960    -1.890         1
