mobley_7708038	2.424273	-2.34472	#systeme  DGsolv_calc  DGsolv_expt (kJ/mol)
11
#    charge    sigma(Ang)  epsilon(kJ/mol)  x         y         z        Zatomic
1 -0.095400   3.39967   1.91652            -0.900     0.140    -1.000         6
2 -0.083100   3.39967   1.91652            -0.350     0.190     0.420         6
3 -0.007000   3.39967   1.91652             1.090    -0.290     0.470         6
4 -0.180800   3.59923   7.35773             1.740    -0.210     2.300        40
5  0.037700   2.64953   0.27504            -1.930     0.480    -1.020         1
6  0.037700   2.64953   0.27504            -0.310     0.780    -1.670         1
7  0.037700   2.64953   0.27504            -0.870    -0.890    -1.390         1
8  0.054800   2.64953   0.27504            -0.980    -0.430     1.070         1
9  0.054800   2.64953   0.27504            -0.430     1.220     0.790         1
10  0.071800   2.47135   0.27504             1.750     0.340    -0.130         1
11  0.071800   2.47135   0.27504             1.190    -1.330     0.150         1
