mobley_7227357	-11.664982	-18.21345	#systeme  DGsolv_calc  DGsolv_expt (kJ/mol)
18
#    charge    sigma(Ang)  epsilon(kJ/mol)  x         y         z        Zatomic
1 -0.090000   3.39967   1.91652            -0.260     0.970     0.240         6
2 -0.111700   3.39967   1.91652            -0.450     1.240     1.730         6
3  0.135800   3.39967   1.91652            -1.530     0.340     2.350         6
4 -0.111700   3.39967   1.91652            -1.700     0.640     3.840         6
5 -0.090000   3.39967   1.91652            -2.760    -0.230     4.500         6
6 -0.596001   3.06647   3.68587            -1.150    -1.020     2.170         8
7  0.037800   2.64953   0.27504             0.520     1.630    -0.160         1
8  0.037800   2.64953   0.27504             0.050    -0.060     0.060         1
9  0.037800   2.64953   0.27504            -1.180     1.160    -0.310         1
10  0.041500   2.64953   0.27504             0.510     1.070     2.240         1
11  0.041500   2.64953   0.27504            -0.720     2.290     1.870         1
12  0.076300   2.47135   0.27504            -2.480     0.500     1.820         1
13  0.041500   2.64953   0.27504            -0.750     0.470     4.360         1
14  0.041500   2.64953   0.27504            -1.970     1.690     3.980         1
15  0.037800   2.64953   0.27504            -2.840     0.030     5.570         1
16  0.037800   2.64953   0.27504            -3.740    -0.070     4.040         1
17  0.037800   2.64953   0.27504            -2.510    -1.290     4.430         1
18  0.394500   0.00000   0.00000            -0.300    -1.130     2.620         1
