mobley_7010316	-17.493286	-22.86102	#systeme  DGsolv_calc  DGsolv_expt (kJ/mol)
19
#    charge    sigma(Ang)  epsilon(kJ/mol)  x         y         z        Zatomic
1 -0.078500   3.39967   1.91652             0.860    -0.580    -0.360         6
2 -0.074300   3.39967   1.91652             2.000    -0.480     0.650         6
3 -0.093000   3.39967   1.91652             2.560     0.940     0.740         6
4  0.141500   3.39967   1.91652             2.980     1.460    -0.630         6
5 -0.093000   3.39967   1.91652             1.830     1.370    -1.650         6
6 -0.074300   3.39967   1.91652             1.280    -0.050    -1.740         6
7 -0.601001   3.06647   3.68587             3.400     2.810    -0.520         8
8  0.041300   2.64953   0.27504             0.000    -0.000     0.000         1
9  0.041300   2.64953   0.27504             0.530    -1.620    -0.450         1
10  0.040600   2.64953   0.27504             1.640    -0.800     1.630         1
11  0.040600   2.64953   0.27504             2.800    -1.170     0.360         1
12  0.050100   2.64953   0.27504             1.800     1.600     1.180         1
13  0.050100   2.64953   0.27504             3.410     0.960     1.420         1
14  0.030000   2.47135   0.27504             3.840     0.880    -1.000         1
15  0.050100   2.64953   0.27504             1.030     2.070    -1.370         1
16  0.050100   2.64953   0.27504             2.180     1.700    -2.630         1
17  0.040600   2.64953   0.27504             0.420    -0.070    -2.420         1
18  0.040600   2.64953   0.27504             2.040    -0.710    -2.170         1
19  0.397200   0.00000   0.00000             3.660     3.100    -1.410         1
