mobley_8118832	-13.758482	-21.06061	#systeme  DGsolv_calc  DGsolv_expt (kJ/mol)
10
#    charge    sigma(Ang)  epsilon(kJ/mol)  x         y         z        Zatomic
1 -0.206300   3.39967   1.50658            -0.470     0.600     0.770         6
2 -0.165400   3.39967   1.50658            -1.590     0.190     1.370         6
3  0.159600   3.39967   1.91652            -2.270    -1.100     1.060         6
4 -0.595401   3.06647   3.68587            -2.310    -1.900     2.240         8
5  0.113200   2.59964   0.26278            -0.000     1.550     1.030         1
6  0.113200   2.59964   0.26278             0.000     0.000     0.000         1
7  0.131900   2.59964   0.26278            -2.040     0.820     2.130         1
8  0.025200   2.47135   0.27504            -1.750    -1.670     0.280         1
9  0.025200   2.47135   0.27504            -3.300    -0.910     0.740         1
10  0.398800   0.00000   0.00000            -2.760    -2.730     2.010         1
