mobley_627267	3.165372	-0.12561	#systeme  DGsolv_calc  DGsolv_expt (kJ/mol)
14
#    charge    sigma(Ang)  epsilon(kJ/mol)  x         y         z        Zatomic
1 -0.095000   3.39967   1.91652             0.560    -0.760     1.090         6
2 -0.064500   3.39967   1.91652            -0.360    -0.140     0.040         6
3 -0.095000   3.39967   1.91652            -0.530     1.360     0.330         6
4 -0.007100   3.39967   1.91652             0.180    -0.330    -1.380         6
5 -0.179000   3.59923   7.35773             0.360    -2.220    -1.820        40
6  0.039700   2.64953   0.27504             0.700    -1.830     0.920         1
7  0.039700   2.64953   0.27504             1.550    -0.280     1.070         1
8  0.039700   2.64953   0.27504             0.160    -0.630     2.100         1
9  0.059800   2.64953   0.27504            -1.350    -0.610     0.130         1
10  0.039700   2.64953   0.27504            -1.180     1.830    -0.410         1
11  0.039700   2.64953   0.27504             0.440     1.870     0.300         1
12  0.039700   2.64953   0.27504            -0.960     1.510     1.320         1
13  0.071300   2.47135   0.27504             1.160     0.130    -1.520         1
14  0.071300   2.47135   0.27504            -0.510     0.070    -2.130         1
