mobley_3398536	-4.425659	-7.28538	#systeme  DGsolv_calc  DGsolv_expt (kJ/mol)
12
#    charge    sigma(Ang)  epsilon(kJ/mol)  x         y         z        Zatomic
1 -0.112300   3.39967   1.50658             1.890    -1.040    -0.110         6
2 -0.133900   3.39967   1.50658             2.920    -1.630     0.610         6
3 -0.096400   3.39967   1.50658             2.880    -1.650     2.000         6
4  0.023000   3.39967   1.50658             1.800    -1.080     2.680         6
5 -0.096400   3.39967   1.50658             0.760    -0.480     1.960         6
6 -0.133900   3.39967   1.50658             0.810    -0.460     0.560         6
7 -0.145700   3.83086   8.75920             1.740    -1.110     4.750        63
8  0.134800   2.59964   0.26278             1.920    -1.020    -1.200         1
9  0.136900   2.59964   0.26278             3.760    -2.080     0.080         1
10  0.143500   2.59964   0.26278             3.700    -2.120     2.550         1
11  0.143500   2.59964   0.26278            -0.090    -0.030     2.460         1
12  0.136900   2.59964   0.26278             0.000    -0.000    -0.000         1
