mobley_6416775	8.801074	8.91831	#systeme  DGsolv_calc  DGsolv_expt (kJ/mol)
24
#    charge    sigma(Ang)  epsilon(kJ/mol)  x         y         z        Zatomic
1 -0.092600   3.39967   1.91652             2.630    -1.690    -5.560         6
2 -0.080800   3.39967   1.91652             2.090    -1.500    -4.160         6
3 -0.069000   3.39967   1.91652             0.590    -1.190    -4.180         6
4 -0.069700   3.39967   1.91652             0.040    -1.000    -2.770         6
5 -0.076900   3.39967   1.91652             0.640     0.210    -2.060         6
6 -0.080200   3.39967   1.91652            -0.340     0.490    -0.920         6
7 -0.080200   3.39967   1.91652            -1.680    -0.110    -1.360         6
8 -0.076900   3.39967   1.91652            -1.450    -0.690    -2.750         6
9  0.032200   2.64953   0.27504             3.710    -1.910    -5.540         1
10  0.032200   2.64953   0.27504             2.130    -2.520    -6.070         1
11  0.032200   2.64953   0.27504             2.480    -0.790    -6.160         1
12  0.039100   2.64953   0.27504             2.280    -2.400    -3.570         1
13  0.039100   2.64953   0.27504             2.630    -0.680    -3.670         1
14  0.040500   2.64953   0.27504             0.400    -0.290    -4.760         1
15  0.040500   2.64953   0.27504             0.050    -2.010    -4.660         1
16  0.044900   2.64953   0.27504             0.240    -1.900    -2.180         1
17  0.041700   2.64953   0.27504             1.650     0.030    -1.690         1
18  0.041700   2.64953   0.27504             0.680     1.080    -2.730         1
19  0.039700   2.64953   0.27504             0.000     0.000     0.000         1
20  0.039700   2.64953   0.27504            -0.420     1.560    -0.710         1
21  0.039700   2.64953   0.27504            -1.980    -0.890    -0.660         1
22  0.039700   2.64953   0.27504            -2.480     0.650    -1.370         1
23  0.041700   2.64953   0.27504            -2.060    -1.580    -2.920         1
24  0.041700   2.64953   0.27504            -1.710     0.050    -3.510         1
