mobley_3359593	-17.279749	-22.02362	#systeme  DGsolv_calc  DGsolv_expt (kJ/mol)
26
#    charge    sigma(Ang)  epsilon(kJ/mol)  x         y         z        Zatomic
1 -0.096300   3.39967   1.91652             1.310    -2.230    -3.720         6
2 -0.075700   3.39967   1.91652             1.260    -2.250    -2.200         6
3 -0.032700   3.39967   1.91652             1.930    -1.020    -1.600         6
4 -0.101100   3.39967   1.50658             1.890    -1.040    -0.110         6
5 -0.095100   3.39967   1.50658             2.920    -1.630     0.610         6
6 -0.206800   3.39967   1.50658             2.880    -1.650     2.000         6
7  0.110000   3.39967   1.50658             1.800    -1.080     2.680         6
8  0.064700   3.39967   1.50658             0.760    -0.480     1.960         6
9 -0.108600   3.39967   1.50658             0.810    -0.460     0.560         6
10 -0.328600   3.00001   2.97813            -0.290     0.080     2.600         8
11  0.117400   3.39967   1.91652            -1.310     0.670     1.790         6
12 -0.483000   3.06647   3.68587             1.770    -1.110     4.040         8
13  0.035100   2.64953   0.27504             0.830    -3.120    -4.140         1
14  0.035100   2.64953   0.27504             0.800    -1.340    -4.120         1
15  0.035100   2.64953   0.27504             2.350    -2.210    -4.070         1
16  0.042100   2.64953   0.27504             1.760    -3.160    -1.840         1
17  0.042100   2.64953   0.27504             0.220    -2.310    -1.880         1
18  0.046600   2.64953   0.27504             1.440    -0.110    -1.980         1
19  0.046600   2.64953   0.27504             2.970    -0.960    -1.940         1
20  0.136300   2.59964   0.26278             3.770    -2.080     0.090         1
21  0.134200   2.59964   0.26278             3.690    -2.120     2.560         1
22  0.146500   2.59964   0.26278            -0.000     0.000     0.000         1
23  0.039700   2.47135   0.27504            -2.090     1.070     2.440         1
24  0.039700   2.47135   0.27504            -1.720    -0.100     1.130         1
25  0.039700   2.47135   0.27504            -0.860     1.460     1.200         1
26  0.417000   0.00000   0.00000             0.970    -0.670     4.360         1
