mobley_3999471	0.782969	-3.51708	#systeme  DGsolv_calc  DGsolv_expt (kJ/mol)
8
#    charge    sigma(Ang)  epsilon(kJ/mol)  x         y         z        Zatomic
1 -0.112200   3.39967   1.91652            -0.470     0.680     0.710         6
2  0.156100   3.39967   1.91652            -0.090     0.330     2.140         6
3 -0.162750   3.47094   4.64238            -0.890     1.420     3.290        18
4 -0.162750   3.47094   4.64238             1.680     0.410     2.340        18
5  0.062500   2.64953   0.27504             0.010     0.020    -0.020         1
6  0.062500   2.64953   0.27504            -1.550     0.610     0.570         1
7  0.062500   2.64953   0.27504            -0.180     1.710     0.480         1
8  0.094100   2.29317   0.27504            -0.400    -0.690     2.380         1
