mobley_7393673	-27.056394	-22.31671	#systeme  DGsolv_calc  DGsolv_expt (kJ/mol)
22
#    charge    sigma(Ang)  epsilon(kJ/mol)  x         y         z        Zatomic
1  0.107800   3.39967   1.91652             0.840    -0.390    -2.140         6
2 -0.318000   3.00001   2.97813             1.930    -1.020    -1.470         8
3  0.156400   3.39967   1.50658             1.890    -1.040    -0.110         6
4 -0.201400   3.39967   1.50658             2.920    -1.630     0.610         6
5 -0.036800   3.39967   1.50658             2.880    -1.650     2.000         6
6 -0.173600   3.39967   1.50658             1.800    -1.080     2.680         6
7 -0.036800   3.39967   1.50658             0.760    -0.480     1.960         6
8 -0.201400   3.39967   1.50658             0.810    -0.460     0.560         6
9  0.651901   3.39967   1.50658             1.760    -1.100     4.130         6
10 -0.543201   2.95992   3.67887             2.630    -1.600     4.850         8
11 -0.448100   3.00001   2.97813             0.630    -0.490     4.610         8
12  0.129600   3.39967   1.91652             0.470    -0.450     6.030         6
13  0.049000   2.47135   0.27504             0.990    -0.440    -3.220         1
14  0.049000   2.47135   0.27504             0.760     0.650    -1.820         1
15  0.049000   2.47135   0.27504            -0.090    -0.920    -1.880         1
16  0.150400   2.59964   0.26278             3.760    -2.080     0.090         1
17  0.157900   2.59964   0.26278             3.690    -2.120     2.550         1
18  0.157900   2.59964   0.26278            -0.080    -0.030     2.470         1
19  0.150400   2.59964   0.26278            -0.000     0.000     0.010         1
20  0.050000   2.47135   0.27504            -0.460     0.060     6.260         1
21  0.050000   2.47135   0.27504             1.320     0.090     6.460         1
22  0.050000   2.47135   0.27504             0.440    -1.470     6.400         1
