mobley_4690963	-14.31954	-14.82198	#systeme  DGsolv_calc  DGsolv_expt (kJ/mol)
22
#    charge    sigma(Ang)  epsilon(kJ/mol)  x         y         z        Zatomic
1 -0.096800   3.39967   1.91652             0.290     0.560     3.920         6
2  0.131400   3.39967   1.91652             0.300     0.820     2.430         6
3 -0.427000   3.00001   2.97813            -0.850     0.240     1.850         8
4  0.127400   3.39967   1.91652            -0.890     0.450     0.440         6
5  0.127400   3.39967   1.91652            -2.150    -0.190    -0.120         6
6 -0.427000   3.00001   2.97813            -2.120    -1.590     0.150         8
7  0.131400   3.39967   1.91652            -3.270    -2.250    -0.350         6
8 -0.096800   3.39967   1.91652            -3.180    -3.720    -0.030         6
9  0.045200   2.64953   0.27504             1.170     1.000     4.400         1
10  0.045200   2.64953   0.27504            -0.610     0.980     4.380         1
11  0.045200   2.64953   0.27504             0.280    -0.520     4.120         1
12  0.025100   2.47135   0.27504             1.190     0.380     1.970         1
13  0.025100   2.47135   0.27504             0.300     1.900     2.230         1
14  0.039600   2.47135   0.27504            -0.890     1.530     0.260         1
15  0.039600   2.47135   0.27504             0.000     0.000     0.000         1
16  0.039600   2.47135   0.27504            -2.200    -0.060    -1.210         1
17  0.039600   2.47135   0.27504            -3.040     0.230     0.350         1
18  0.025100   2.47135   0.27504            -4.160    -1.800     0.110         1
19  0.025100   2.47135   0.27504            -3.310    -2.090    -1.430         1
20  0.045200   2.64953   0.27504            -4.050    -4.260    -0.400         1
21  0.045200   2.64953   0.27504            -2.280    -4.160    -0.470         1
22  0.045200   2.64953   0.27504            -3.110    -3.880     1.050         1
