mobley_1527293	-58.421211	-35.25454	#systeme  DGsolv_calc  DGsolv_expt (kJ/mol)
31
#    charge    sigma(Ang)  epsilon(kJ/mol)  x         y         z        Zatomic
1 -0.088300   3.39967   1.91652             1.920     0.410    -2.170         6
2 -0.057800   3.39967   1.91652             1.930    -1.010    -1.600         6
3  0.088500   2.64953   0.27504             2.870    -1.490    -1.910         1
4 -0.059100   3.39967   1.50658             1.890    -1.040    -0.110         6
5 -0.123300   3.39967   1.50658             2.920    -1.630     0.610         6
6 -0.093200   3.39967   1.50658             2.880    -1.650     2.000         6
7 -0.062700   3.39967   1.50658             1.800    -1.080     2.680         6
8  0.138100   3.39967   1.50658             0.760    -0.480     1.960         6
9 -0.154100   3.39967   1.50658             0.810    -0.460     0.560         6
10 -0.133500   3.11815   1.06862            -0.280     0.070     2.590        10
11 -0.049900   3.39967   1.50658             1.760    -1.100     4.120         6
12 -0.108300   3.39967   1.50658             0.710    -1.740     4.780         6
13 -0.131200   3.39967   1.50658             0.670    -1.760     6.170         6
14 -0.122500   3.39967   1.50658             1.680    -1.150     6.910         6
15 -0.131200   3.39967   1.50658             2.740    -0.510     6.250         6
16 -0.108300   3.39967   1.50658             2.780    -0.490     4.860         6
17  0.633601   3.39967   1.50658             0.800    -1.830    -2.210         6
18 -0.537401   2.95992   3.67887            -0.270    -1.380    -2.600         8
19 -0.610801   3.06647   3.68587             1.110    -3.150    -2.290         8
20  0.052000   2.64953   0.27504             1.010     0.950    -1.910         1
21  0.052000   2.64953   0.27504             2.780     0.990    -1.810         1
22  0.052000   2.64953   0.27504             1.970     0.390    -3.270         1
23  0.141300   2.59964   0.26278             3.770    -2.080     0.090         1
24  0.145900   2.59964   0.26278             3.690    -2.120     2.550         1
25  0.149000   2.59964   0.26278            -0.010     0.000     0.010         1
26  0.138100   2.59964   0.26278            -0.090    -2.220     4.220         1
27  0.133700   2.59964   0.26278            -0.150    -2.260     6.690         1
28  0.131400   2.59964   0.26278             1.650    -1.170     8.000         1
29  0.133700   2.59964   0.26278             3.530    -0.040     6.830         1
30  0.138100   2.59964   0.26278             3.600     0.010     4.360         1
31  0.444200   0.00000   0.00000             2.000    -3.400    -1.950         1
