mobley_7239499	-18.728451	-14.73824	#systeme  DGsolv_calc  DGsolv_expt (kJ/mol)
22
#    charge    sigma(Ang)  epsilon(kJ/mol)  x         y         z        Zatomic
1 -0.126700   3.39967   1.50658            -1.860     0.740     0.800         6
2 -0.126400   3.39967   1.50658            -1.000    -0.260     0.330         6
3 -0.112700   3.39967   1.50658            -1.440    -1.580     0.270         6
4  0.061400   3.39967   1.50658            -2.730    -1.910     0.690         6
5  0.060500   3.39967   1.50658            -3.580    -0.910     1.160         6
6 -0.114900   3.39967   1.50658            -3.150     0.420     1.220         6
7 -0.222300   3.00001   2.97813            -4.860    -1.180     1.590         8
8  0.071600   3.39967   1.50658            -5.240    -2.500     1.510         6
9 -0.117500   3.39967   1.50658            -6.530    -2.820     1.930         6
10 -0.119600   3.39967   1.50658            -6.960    -4.150     1.880         6
11 -0.126000   3.39967   1.50658            -6.110    -5.140     1.400         6
12  0.024800   3.39967   1.50658            -4.820    -4.820     0.980         6
13  0.069600   3.39967   1.50658            -4.390    -3.490     1.040         6
14 -0.211800   3.00001   2.97813            -3.110    -3.220     0.620         8
15 -0.060000   3.47094   4.64238            -3.790    -6.080     0.400        18
16  0.140300   2.59964   0.26278            -1.520     1.770     0.840         1
17  0.140300   2.59964   0.26278             0.000    -0.000     0.000         1
18  0.158000   2.59964   0.26278            -0.770    -2.350    -0.100         1
19  0.155300   2.59964   0.26278            -3.810     1.200     1.590         1
20  0.158700   2.59964   0.26278            -7.200    -2.050     2.300         1
21  0.144700   2.59964   0.26278            -7.970    -4.400     2.200         1
22  0.152700   2.59964   0.26278            -6.460    -6.170     1.370         1
