mobley_3083321	-13.486327	-12.26791	#systeme  DGsolv_calc  DGsolv_expt (kJ/mol)
13
#    charge    sigma(Ang)  epsilon(kJ/mol)  x         y         z        Zatomic
1  0.119100   3.39967   1.91652             1.110     0.110     0.030         6
2 -0.446000   3.00001   2.97813             1.390     1.500     0.090         8
3  0.313200   3.39967   1.91652             2.760     1.760     0.380         6
4 -0.446000   3.00001   2.97813             3.680     1.220    -0.570         8
5  0.119100   3.39967   1.91652             3.780     2.030    -1.730         6
6  0.036500   2.47135   0.27504             0.050    -0.040    -0.200         1
7  0.036500   2.47135   0.27504             1.350    -0.350     0.990         1
8  0.036500   2.47135   0.27504             1.720    -0.350    -0.760         1
9  0.060800   2.29317   0.27504             2.900     2.850     0.450         1
10  0.060800   2.29317   0.27504             3.010     1.350     1.370         1
11  0.036500   2.47135   0.27504             4.490     1.580    -2.430         1
12  0.036500   2.47135   0.27504             4.120     3.030    -1.450         1
13  0.036500   2.47135   0.27504             2.800     2.100    -2.210         1
