mobley_2178600	4.538708	-0.4187	#systeme  DGsolv_calc  DGsolv_expt (kJ/mol)
17
#    charge    sigma(Ang)  epsilon(kJ/mol)  x         y         z        Zatomic
1 -0.092800   3.39967   1.91652            -0.240    -0.710    -0.940         6
2 -0.078700   3.39967   1.91652             0.940    -0.520    -1.890         6
3 -0.083600   3.39967   1.91652             0.980     0.910    -2.440         6
4 -0.088200   3.39967   1.91652             2.150     1.160    -3.400         6
5  0.039600   3.39967   1.91652             2.240     2.560    -3.990         6
6 -0.201300   3.47094   4.64238             0.800     2.990    -4.920        18
7  0.034000   2.64953   0.27504            -0.260    -1.730    -0.550         1
8  0.034000   2.64953   0.27504            -1.180    -0.520    -1.450         1
9  0.034000   2.64953   0.27504            -0.160    -0.020    -0.100         1
10  0.038600   2.64953   0.27504             1.870    -0.730    -1.350         1
11  0.038600   2.64953   0.27504             0.860    -1.240    -2.700         1
12  0.047900   2.64953   0.27504             1.070     1.620    -1.610         1
13  0.047900   2.64953   0.27504             0.030     1.140    -2.930         1
14  0.052000   2.64953   0.27504             2.080     0.440    -4.230         1
15  0.052000   2.64953   0.27504             3.090     0.930    -2.870         1
16  0.063000   2.47135   0.27504             2.330     3.300    -3.180         1
17  0.063000   2.47135   0.27504             3.110     2.680    -4.640         1
