mobley_5079234	-12.213479	-17.62727	#systeme  DGsolv_calc  DGsolv_expt (kJ/mol)
24
#    charge    sigma(Ang)  epsilon(kJ/mol)  x         y         z        Zatomic
1 -0.092400   3.39967   1.91652             2.020    -2.400    -0.240         6
2 -0.079800   3.39967   1.91652             1.600    -2.930    -1.610         6
3 -0.079200   3.39967   1.91652             0.080    -3.010    -1.730         6
4 -0.077500   3.39967   1.91652            -0.400    -3.530    -3.090         6
5 -0.077800   3.39967   1.91652            -1.920    -3.610    -3.220         6
6 -0.084600   3.39967   1.91652            -2.330    -4.130    -4.590         6
7  0.131800   3.39967   1.91652            -3.850    -4.210    -4.730         6
8 -0.601901   3.06647   3.68587            -4.170    -4.710    -6.020         8
9  0.032800   2.64953   0.27504             3.100    -2.350    -0.150         1
10  0.032800   2.64953   0.27504             1.650    -3.070     0.550         1
11  0.032800   2.64953   0.27504             1.610    -1.410    -0.060         1
12  0.039000   2.64953   0.27504             2.040    -3.920    -1.760         1
13  0.039000   2.64953   0.27504             2.010    -2.270    -2.370         1
14  0.038400   2.64953   0.27504            -0.360    -2.020    -1.540         1
15  0.038400   2.64953   0.27504            -0.310    -3.680    -0.960         1
16  0.041000   2.64953   0.27504             0.010    -2.900    -3.890         1
17  0.041000   2.64953   0.27504             0.030    -4.530    -3.240         1
18  0.038800   2.64953   0.27504            -2.360    -2.620    -3.070         1
19  0.038800   2.64953   0.27504            -2.320    -4.260    -2.440         1
20  0.054900   2.64953   0.27504            -1.900    -5.130    -4.760         1
21  0.054900   2.64953   0.27504            -1.930    -3.490    -5.380         1
22  0.020400   2.47135   0.27504            -4.300    -3.230    -4.610         1
23  0.020400   2.47135   0.27504            -4.270    -4.890    -3.980         1
24  0.398000   0.00000   0.00000            -5.130    -4.750    -6.080         1
