mobley_8705848	-8.311195	-13.48214	#systeme  DGsolv_calc  DGsolv_expt (kJ/mol)
22
#    charge    sigma(Ang)  epsilon(kJ/mol)  x         y         z        Zatomic
1 -0.101700   3.39967   1.91652             1.560     0.710     2.570         6
2  0.174300   3.39967   1.91652             0.980    -0.520     1.880         6
3 -0.101700   3.39967   1.91652             0.270    -1.440     2.860         6
4 -0.821401   3.25000   2.97813             2.070    -1.270     1.220         7
5  0.174300   3.39967   1.91652             2.420    -0.640    -0.040         6
6 -0.101700   3.39967   1.91652             1.420    -1.050    -1.130         6
7 -0.101700   3.39967   1.91652             3.840    -1.030    -0.450         6
8  0.037300   2.64953   0.27504             2.070     1.360     1.850         1
9  0.037300   2.64953   0.27504             0.780     1.290     3.070         1
10  0.037300   2.64953   0.27504             2.290     0.410     3.330         1
11  0.037500   2.47135   0.27504             0.270    -0.200     1.100         1
12  0.037300   2.64953   0.27504            -0.150    -2.310     2.340         1
13  0.037300   2.64953   0.27504            -0.560    -0.920     3.350         1
14  0.037300   2.64953   0.27504             0.950    -1.800     3.630         1
15  0.357000   1.06908   0.27504             2.870    -1.270     1.840         1
16  0.037500   2.47135   0.27504             2.380     0.460     0.070         1
17  0.037300   2.64953   0.27504             1.650    -0.590    -2.100         1
18  0.037300   2.64953   0.27504             1.400    -2.130    -1.260         1
19  0.037300   2.64953   0.27504             0.410    -0.740    -0.850         1
20  0.037300   2.64953   0.27504             4.100    -0.560    -1.400         1
21  0.037300   2.64953   0.27504             3.960    -2.120    -0.570         1
22  0.037300   2.64953   0.27504             4.570    -0.690     0.290         1
