mobley_3169935	-20.294389	-20.55817	#systeme  DGsolv_calc  DGsolv_expt (kJ/mol)
14
#    charge    sigma(Ang)  epsilon(kJ/mol)  x         y         z        Zatomic
1 -0.087700   3.39967   1.50658             1.890    -1.040    -0.110         6
2 -0.170500   3.39967   1.50658             2.920    -1.630     0.610         6
3 -0.083100   3.39967   1.50658             2.880    -1.650     2.000         6
4 -0.051000   3.39967   1.50658             1.800    -1.080     2.680         6
5  0.158700   3.39967   1.50658             0.760    -0.480     1.960         6
6 -0.190400   3.39967   1.50658             0.810    -0.460     0.560         6
7 -0.822201   3.25000   2.97813            -0.340     0.110     2.610         7
8 -0.105300   3.47094   4.64238             1.790    -1.130     4.400        18
9  0.134100   2.59964   0.26278             1.920    -1.020    -1.200         1
10  0.135800   2.59964   0.26278             3.760    -2.080     0.080         1
11  0.145200   2.59964   0.26278             3.690    -2.120     2.550         1
12  0.134800   2.59964   0.26278             0.010    -0.000    -0.010         1
13  0.400800   1.06908   0.27504            -0.400     0.050     3.600         1
14  0.400800   1.06908   0.27504            -1.090     0.480     2.060         1
