mobley_8723116	-22.111547	-24.7033	#systeme  DGsolv_calc  DGsolv_expt (kJ/mol)
14
#    charge    sigma(Ang)  epsilon(kJ/mol)  x         y         z        Zatomic
1 -0.187900   3.39967   1.50658             1.890    -1.040    -0.110         6
2 -0.083900   3.39967   1.50658             2.920    -1.630     0.610         6
3 -0.029200   3.39967   1.50658             2.880    -1.650     2.000         6
4 -0.083900   3.39967   1.50658             1.800    -1.080     2.680         6
5 -0.187900   3.39967   1.50658             0.760    -0.480     1.960         6
6  0.148200   3.39967   1.50658             0.810    -0.460     0.560         6
7 -0.824701   3.25000   2.97813            -0.240     0.140    -0.170         7
8 -0.101300   3.47094   4.64238             4.160    -2.390     2.890        18
9  0.135600   2.59964   0.26278             1.930    -1.030    -1.200         1
10  0.144700   2.59964   0.26278             3.760    -2.080     0.070         1
11  0.144700   2.59964   0.26278             1.750    -1.090     3.760         1
12  0.135600   2.59964   0.26278            -0.070    -0.040     2.490         1
13  0.395000   1.06908   0.27504            -1.030     0.500     0.320         1
14  0.395000   1.06908   0.27504            -0.220     0.110    -1.170         1
