mobley_9717937	-10.500996	-11.26303	#systeme  DGsolv_calc  DGsolv_expt (kJ/mol)
22
#    charge    sigma(Ang)  epsilon(kJ/mol)  x         y         z        Zatomic
1 -0.125400   3.39967   1.50658             1.890    -1.040    -0.110         6
2 -0.131900   3.39967   1.50658             2.920    -1.630     0.610         6
3 -0.107900   3.39967   1.50658             2.880    -1.650     2.000         6
4 -0.048600   3.39967   1.50658             1.800    -1.080     2.680         6
5 -0.107900   3.39967   1.50658             0.760    -0.480     1.960         6
6 -0.131900   3.39967   1.50658             0.810    -0.460     0.560         6
7 -0.036100   3.39967   1.50658             1.750    -1.100     4.120         6
8 -0.109200   3.39967   1.50658             1.140    -2.190     4.750         6
9 -0.131500   3.39967   1.50658             1.080    -2.250     6.140         6
10 -0.120900   3.39967   1.50658             1.630    -1.220     6.910         6
11 -0.127900   3.39967   1.50658             2.240    -0.140     6.280         6
12  0.029400   3.39967   1.50658             2.300    -0.070     4.890         6
13 -0.086400   3.47094   4.64238             3.080     1.300     4.170        18
14  0.130100   2.59964   0.26278             1.920    -1.020    -1.200         1
15  0.132900   2.59964   0.26278             3.760    -2.080     0.080         1
16  0.138200   2.59964   0.26278             3.690    -2.120     2.550         1
17  0.138200   2.59964   0.26278            -0.080    -0.030     2.470         1
18  0.132900   2.59964   0.26278            -0.000    -0.000     0.000         1
19  0.143500   2.59964   0.26278             0.710    -3.000     4.160         1
20  0.136600   2.59964   0.26278             0.600    -3.090     6.620         1
21  0.136200   2.59964   0.26278             1.580    -1.270     7.990         1
22  0.147600   2.59964   0.26278             2.660     0.660     6.900         1
