mobley_4964807	-22.450694	-25.08013	#systeme  DGsolv_calc  DGsolv_expt (kJ/mol)
13
#    charge    sigma(Ang)  epsilon(kJ/mol)  x         y         z        Zatomic
1 -0.204100   3.39967   1.91652            -0.470     0.290    -0.930         6
2  0.567101   3.39967   1.50658            -1.750     1.040    -0.660         6
3 -0.476000   2.95992   3.67887            -1.910     2.200    -1.040         8
4  0.015800   3.39967   1.91652            -2.810     0.290     0.120         6
5 -0.321600   3.00001   2.97813            -3.950     1.100     0.310         8
6  0.374300   3.25000   2.97813            -5.000     0.460     1.040         7
7 -0.176200   2.95992   3.67887            -4.800    -0.700     1.410         8
8 -0.176200   2.95992   3.67887            -5.990     1.170     1.200         8
9  0.073300   2.64953   0.27504             0.240     0.460    -0.120         1
10  0.073300   2.64953   0.27504            -0.680    -0.780    -1.000         1
11  0.073300   2.64953   0.27504            -0.030     0.650    -1.870         1
12  0.088500   2.47135   0.27504            -2.410    -0.010     1.100         1
13  0.088500   2.47135   0.27504            -3.100    -0.600    -0.450         1
