mobley_7417968	-24.079437	-22.23297	#systeme  DGsolv_calc  DGsolv_expt (kJ/mol)
21
#    charge    sigma(Ang)  epsilon(kJ/mol)  x         y         z        Zatomic
1 -0.096900   3.39967   1.91652             1.230    -0.580    -5.410         6
2  0.127800   3.39967   1.91652             0.280     0.580    -5.180         6
3 -0.410600   3.00001   2.97813            -0.680     0.210    -4.200         8
4  0.126300   3.39967   1.91652            -1.600     1.270    -3.940         6
5  0.138200   3.39967   1.91652            -2.590     0.810    -2.890         6
6 -0.430800   3.00001   2.97813            -1.880     0.470    -1.690         8
7  0.632801   3.39967   1.50658            -2.660     0.040    -0.660         6
8 -0.546601   2.95992   3.67887            -3.880    -0.080    -0.660         8
9 -0.149700   3.39967   1.91652            -1.790    -0.270     0.520         6
10  0.045800   2.64953   0.27504             1.980    -0.320    -6.160         1
11  0.045800   2.64953   0.27504             1.730    -0.850    -4.480         1
12  0.045800   2.64953   0.27504             0.670    -1.460    -5.750         1
13  0.023300   2.47135   0.27504            -0.240     0.840    -6.110         1
14  0.023300   2.47135   0.27504             0.830     1.460    -4.820         1
15  0.037500   2.47135   0.27504            -1.030     2.130    -3.590         1
16  0.037500   2.47135   0.27504            -2.110     1.510    -4.870         1
17  0.060800   2.47135   0.27504            -3.140    -0.080    -3.220         1
18  0.060800   2.47135   0.27504            -3.300     1.610    -2.660         1
19  0.076300   2.64953   0.27504            -1.670     0.620     1.150         1
20  0.076300   2.64953   0.27504            -0.820    -0.640     0.180         1
21  0.076300   2.64953   0.27504            -2.260    -1.060     1.120         1
