mobley_1323538	-42.920937	-31.4025	#systeme  DGsolv_calc  DGsolv_expt (kJ/mol)
26
#    charge    sigma(Ang)  epsilon(kJ/mol)  x         y         z        Zatomic
1 -0.127300   3.39967   1.91652            -0.360     0.190     0.140         6
2  0.171200   3.39967   1.91652             1.000    -0.280    -0.330         6
3 -0.576101   3.00001   2.97813             1.080    -0.140    -1.740         8
4  1.611002   3.74177   3.50368             2.450    -0.580    -2.480        15
5 -0.801601   2.95992   3.67887             2.820    -2.030    -2.310         8
6 -0.576101   3.00001   2.97813             2.190    -0.130    -4.020         8
7  0.171200   3.39967   1.91652             3.200    -0.380    -4.970         6
8 -0.127300   3.39967   1.91652             2.740     0.120    -6.330         6
9 -0.576101   3.00001   2.97813             3.560     0.460    -1.940         8
10  0.171200   3.39967   1.91652             3.400     1.850    -2.160         6
11 -0.127300   3.39967   1.91652             4.580     2.590    -1.550         6
12  0.050200   2.64953   0.27504            -0.450     0.090     1.230         1
13  0.050200   2.64953   0.27504            -0.510     1.240    -0.130         1
14  0.050200   2.64953   0.27504            -1.150    -0.390    -0.340         1
15  0.055900   2.47135   0.27504             1.150    -1.340    -0.070         1
16  0.055900   2.47135   0.27504             1.800     0.310     0.130         1
17  0.055900   2.47135   0.27504             4.110     0.150    -4.670         1
18  0.055900   2.47135   0.27504             3.400    -1.450    -5.010         1
19  0.050200   2.64953   0.27504             3.500    -0.050    -7.090         1
20  0.050200   2.64953   0.27504             1.810    -0.380    -6.630         1
21  0.050200   2.64953   0.27504             2.520     1.190    -6.290         1
22  0.055900   2.47135   0.27504             3.350     2.040    -3.240         1
23  0.055900   2.47135   0.27504             2.470     2.180    -1.700         1
24  0.050200   2.64953   0.27504             4.490     3.670    -1.710         1
25  0.050200   2.64953   0.27504             4.650     2.390    -0.480         1
26  0.050200   2.64953   0.27504             5.520     2.250    -2.000         1
