mobley_3686115	-7.515665	-13.73336	#systeme  DGsolv_calc  DGsolv_expt (kJ/mol)
22
#    charge    sigma(Ang)  epsilon(kJ/mol)  x         y         z        Zatomic
1 -0.096600   3.39967   1.91652            -2.200     1.780    -2.960         6
2  0.133000   3.39967   1.91652            -0.950     1.130    -2.400         6
3 -0.423900   3.00001   2.97813            -1.100    -0.280    -2.460         8
4  0.332700   3.39967   1.91652             0.040    -0.990    -1.940         6
5 -0.115000   3.39967   1.91652            -0.030    -1.010    -0.420         6
6 -0.423900   3.00001   2.97813             0.040    -2.350    -2.380         8
7  0.133000   3.39967   1.91652             0.530    -2.490    -3.710         6
8 -0.096600   3.39967   1.91652             0.500    -3.960    -4.090         6
9  0.045500   2.64953   0.27504            -2.120     2.870    -2.930         1
10  0.045500   2.64953   0.27504            -2.370     1.470    -3.990         1
11  0.045500   2.64953   0.27504            -3.080     1.470    -2.390         1
12  0.024500   2.47135   0.27504            -0.800     1.420    -1.350         1
13  0.024500   2.47135   0.27504            -0.070     1.420    -2.980         1
14  0.029700   2.29317   0.27504             0.970    -0.510    -2.260         1
15  0.052200   2.64953   0.27504             0.830    -1.540    -0.010         1
16  0.052200   2.64953   0.27504            -0.930    -1.520    -0.070         1
17  0.052200   2.64953   0.27504            -0.010     0.010    -0.020         1
18  0.024500   2.47135   0.27504            -0.110    -1.910    -4.380         1
19  0.024500   2.47135   0.27504             1.550    -2.100    -3.750         1
20  0.045500   2.64953   0.27504             0.870    -4.100    -5.100         1
21  0.045500   2.64953   0.27504             1.120    -4.550    -3.400         1
22  0.045500   2.64953   0.27504            -0.520    -4.350    -4.020         1
