mobley_9821936	-4.802489	-18.96711	#systeme  DGsolv_calc  DGsolv_expt (kJ/mol)
22
#    charge    sigma(Ang)  epsilon(kJ/mol)  x         y         z        Zatomic
1  0.079300   3.39967   1.50658            -2.730    -1.910     0.690         6
2  0.079400   3.39967   1.50658            -3.580    -0.910     1.160         6
3  0.032200   3.39967   1.50658            -3.150     0.420     1.220         6
4  0.022100   3.39967   1.50658            -1.860     0.740     0.800         6
5  0.022100   3.39967   1.50658            -1.000    -0.260     0.330         6
6  0.032200   3.39967   1.50658            -1.440    -1.580     0.270         6
7 -0.014300   3.47094   4.64238            -0.400    -2.850    -0.320        18
8 -0.025000   3.47094   4.64238             0.610     0.150    -0.200        18
9 -0.025000   3.47094   4.64238            -1.320     2.400     0.870        18
10 -0.014300   3.47094   4.64238            -4.240     1.630     1.820        18
11 -0.188750   3.00001   2.97813            -4.860    -1.180     1.590         8
12  0.079400   3.39967   1.50658            -5.240    -2.500     1.510         6
13  0.079400   3.39967   1.50658            -4.390    -3.490     1.040         6
14  0.032200   3.39967   1.50658            -4.820    -4.820     0.980         6
15  0.022100   3.39967   1.50658            -6.110    -5.140     1.400         6
16  0.022100   3.39967   1.50658            -6.960    -4.150     1.880         6
17  0.032200   3.39967   1.50658            -6.530    -2.820     1.930         6
18 -0.014300   3.47094   4.64238            -7.560    -1.550     2.520        18
19 -0.025000   3.47094   4.64238            -8.570    -4.550     2.400        18
20 -0.025000   3.47094   4.64238            -6.650    -6.800     1.330        18
21 -0.014300   3.47094   4.64238            -3.720    -6.030     0.390        18
22 -0.188750   3.00001   2.97813            -3.110    -3.220     0.620         8
