mobley_7608435	-12.707545	-8.54148	#systeme  DGsolv_calc  DGsolv_expt (kJ/mol)
29
#    charge    sigma(Ang)  epsilon(kJ/mol)  x         y         z        Zatomic
1 -0.092400   3.39967   1.91652             0.740     0.160    -0.780         6
2 -0.080400   3.39967   1.91652             1.000    -1.110    -1.570         6
3 -0.082800   3.39967   1.91652             1.520    -2.230    -0.660         6
4 -0.079600   3.39967   1.91652             1.780    -3.510    -1.450         6
5 -0.078100   3.39967   1.91652             2.300    -4.630    -0.550         6
6 -0.077700   3.39967   1.91652             2.560    -5.920    -1.350         6
7 -0.126200   3.39967   1.91652             3.080    -7.050    -0.470         6
8  0.628101   3.39967   1.50658             3.340    -8.330    -1.240         6
9 -0.542301   2.95992   3.67887             3.170    -8.470    -2.440         8
10 -0.443000   3.00001   2.97813             3.830    -9.270    -0.380         8
11  0.126100   3.39967   1.91652             4.160   -10.530    -0.970         6
12  0.033500   2.64953   0.27504             0.370     0.960    -1.440         1
13  0.033500   2.64953   0.27504             1.660     0.520    -0.290         1
14  0.033500   2.64953   0.27504            -0.010    -0.020    -0.010         1
15  0.037600   2.64953   0.27504             0.080    -1.430    -2.060         1
16  0.037600   2.64953   0.27504             1.740    -0.910    -2.360         1
17  0.042600   2.64953   0.27504             2.450    -1.910    -0.170         1
18  0.042600   2.64953   0.27504             0.790    -2.430     0.130         1
19  0.039300   2.64953   0.27504             2.520    -3.310    -2.250         1
20  0.039300   2.64953   0.27504             0.860    -3.840    -1.940         1
21  0.042700   2.64953   0.27504             3.230    -4.310    -0.060         1
22  0.042700   2.64953   0.27504             1.570    -4.820     0.250         1
23  0.056600   2.64953   0.27504             1.650    -6.220    -1.860         1
24  0.056600   2.64953   0.27504             3.310    -5.710    -2.120         1
25  0.080400   2.64953   0.27504             4.030    -6.750    -0.010         1
26  0.080400   2.64953   0.27504             2.360    -7.260     0.330         1
27  0.049800   2.47135   0.27504             4.540   -11.200    -0.190         1
28  0.049800   2.47135   0.27504             4.910   -10.370    -1.740         1
29  0.049800   2.47135   0.27504             3.260   -10.950    -1.410         1
