mobley_2099370	-72.192254	-45.13586	#systeme  DGsolv_calc  DGsolv_expt (kJ/mol)
33
#    charge    sigma(Ang)  epsilon(kJ/mol)  x         y         z        Zatomic
1 -0.087500   3.39967   1.91652             1.920     0.410    -2.170         6
2 -0.056600   3.39967   1.91652             1.930    -1.010    -1.600         6
3  0.088900   2.64953   0.27504             2.870    -1.490    -1.910         1
4 -0.089300   3.39967   1.50658             1.890    -1.040    -0.110         6
5 -0.093300   3.39967   1.50658             2.920    -1.630     0.610         6
6 -0.133500   3.39967   1.50658             2.880    -1.650     2.000         6
7 -0.096600   3.39967   1.50658             1.800    -1.080     2.680         6
8 -0.152000   3.39967   1.50658             0.760    -0.480     1.960         6
9 -0.074400   3.39967   1.50658             0.810    -0.460     0.560         6
10  0.587501   3.39967   1.50658            -0.360     0.110     2.660         6
11 -0.522001   2.95992   3.67887            -0.330     1.310     2.990         8
12 -0.173200   3.39967   1.50658            -1.590    -0.660     3.010         6
13 -0.079800   3.39967   1.50658            -1.690    -2.010     2.660         6
14 -0.147000   3.39967   1.50658            -2.830    -2.740     2.980         6
15 -0.099400   3.39967   1.50658            -3.880    -2.110     3.660         6
16 -0.147000   3.39967   1.50658            -3.790    -0.770     4.010         6
17 -0.079800   3.39967   1.50658            -2.640    -0.040     3.680         6
18  0.633601   3.39967   1.50658             0.800    -1.830    -2.210         6
19 -0.534501   2.95992   3.67887            -0.110    -2.350    -1.580         8
20 -0.613501   3.06647   3.68587             0.910    -1.930    -3.560         8
21  0.051200   2.64953   0.27504             1.010     0.950    -1.910         1
22  0.051200   2.64953   0.27504             2.780     0.990    -1.810         1
23  0.051200   2.64953   0.27504             1.970     0.390    -3.270         1
24  0.138500   2.59964   0.26278             3.770    -2.080     0.090         1
25  0.138300   2.59964   0.26278             3.690    -2.120     2.560         1
26  0.141200   2.59964   0.26278             1.780    -1.100     3.760         1
27  0.145000   2.59964   0.26278            -0.000    -0.000    -0.000         1
28  0.149300   2.59964   0.26278            -0.870    -2.510     2.130         1
29  0.137400   2.59964   0.26278            -2.910    -3.780     2.710         1
30  0.135100   2.59964   0.26278            -4.780    -2.680     3.910         1
31  0.137400   2.59964   0.26278            -4.600    -0.280     4.530         1
32  0.149300   2.59964   0.26278            -2.570     1.010     3.960         1
33  0.444300   0.00000   0.00000             1.680    -1.470    -3.960         1
