mobley_6430250	-2.139557	-2.21911	#systeme  DGsolv_calc  DGsolv_expt (kJ/mol)
21
#    charge    sigma(Ang)  epsilon(kJ/mol)  x         y         z        Zatomic
1 -0.093500   3.39967   1.91652             2.680     0.260    -3.640         6
2 -0.077000   3.39967   1.91652             2.640     0.240    -2.120         6
3 -0.037500   3.39967   1.91652             1.930    -1.010    -1.600         6
4 -0.077500   3.39967   1.50658             1.890    -1.040    -0.110         6
5 -0.127700   3.39967   1.50658             2.920    -1.630     0.610         6
6 -0.128500   3.39967   1.50658             2.880    -1.650     2.000         6
7 -0.133400   3.39967   1.50658             1.800    -1.080     2.680         6
8 -0.128500   3.39967   1.50658             0.760    -0.480     1.960         6
9 -0.127700   3.39967   1.50658             0.810    -0.460     0.560         6
10  0.033400   2.64953   0.27504             3.190     1.160    -4.010         1
11  0.033400   2.64953   0.27504             3.210    -0.610    -4.030         1
12  0.033400   2.64953   0.27504             1.670     0.250    -4.050         1
13  0.043300   2.64953   0.27504             2.120     1.140    -1.770         1
14  0.043300   2.64953   0.27504             3.660     0.290    -1.730         1
15  0.046800   2.64953   0.27504             2.450    -1.910    -1.970         1
16  0.046800   2.64953   0.27504             0.910    -1.060    -2.010         1
17  0.130600   2.59964   0.26278             3.770    -2.080     0.090         1
18  0.130000   2.59964   0.26278             3.690    -2.120     2.560         1
19  0.129700   2.59964   0.26278             1.770    -1.100     3.760         1
20  0.130000   2.59964   0.26278            -0.080    -0.040     2.480         1
21  0.130600   2.59964   0.26278            -0.010     0.000     0.010         1
