mobley_8260524	0.272155	-2.00976	#systeme  DGsolv_calc  DGsolv_expt (kJ/mol)
7
#    charge    sigma(Ang)  epsilon(kJ/mol)  x         y         z        Zatomic
1 -0.022100   3.39967   1.91652            -0.710     0.370    -0.740         6
2 -0.139300   3.39967   3.67887            -0.650     1.830    -0.850         6
3 -0.163600   3.39967   3.67887            -0.590     3.020    -0.930         6
4  0.053900   2.64953   0.27504             0.240    -0.080    -1.010         1
5  0.053900   2.64953   0.27504            -0.960     0.060     0.280         1
6  0.053900   2.64953   0.27504            -1.480    -0.030    -1.410         1
7  0.163300   2.59964   0.26278            -0.550     4.090    -1.010         1
