mobley_2972906	-1.503133	-5.8618	#systeme  DGsolv_calc  DGsolv_expt (kJ/mol)
9
#    charge    sigma(Ang)  epsilon(kJ/mol)  x         y         z        Zatomic
1 -0.156900   3.39967   1.50658            -0.470    -0.090    -0.970         6
2 -0.156800   3.39967   1.50658            -0.250     0.810    -2.060         6
3 -0.169650   3.39967   1.50658            -0.980     0.450    -3.170         6
4  0.009400   3.56359   4.37960            -1.920    -0.960    -2.910        16
5 -0.169650   3.39967   1.50658            -1.350    -1.100    -1.300         6
6  0.152300   2.59964   0.26278            -0.000    -0.000     0.000         1
7  0.152300   2.59964   0.26278             0.400     1.670    -2.020         1
8  0.169500   2.51055   0.26278            -1.000     0.960    -4.130         1
9  0.169500   2.51055   0.26278            -1.690    -1.910    -0.670         1
