mobley_5708811	-36.251046	-41.28382	#systeme  DGsolv_calc  DGsolv_expt (kJ/mol)
19
#    charge    sigma(Ang)  epsilon(kJ/mol)  x         y         z        Zatomic
1  0.112400   3.39967   1.91652             2.550     0.110    -2.080         6
2 -0.327500   3.00001   2.97813             1.920    -1.010    -1.480         8
3  0.153100   3.39967   1.50658             1.890    -1.040    -0.110         6
4 -0.010200   3.39967   1.50658             2.920    -1.630     0.610         6
5 -0.087300   3.39967   1.50658             2.880    -1.650     2.000         6
6 -0.134300   3.39967   1.50658             1.800    -1.080     2.680         6
7  0.065100   3.39967   1.50658             0.760    -0.480     1.960         6
8 -0.120500   3.39967   1.50658             0.810    -0.460     0.560         6
9  0.658301   3.39967   1.50658            -0.270     0.150    -0.210         6
10 -0.532401   2.95992   3.67887            -0.610     1.340    -0.140         8
11 -0.578501   3.06647   3.68587            -0.870    -0.730    -1.050         8
12 -0.053200   3.47094   4.64238            -0.550     0.210     2.830        18
13 -0.057800   3.47094   4.64238             4.270    -2.350    -0.200        18
14  0.049700   2.47135   0.27504             2.520     0.010    -3.170         1
15  0.049700   2.47135   0.27504             3.590     0.170    -1.750         1
16  0.049700   2.47135   0.27504             2.020     1.020    -1.780         1
17  0.159100   2.59964   0.26278             3.680    -2.110     2.580         1
18  0.160100   2.59964   0.26278             1.780    -1.100     3.760         1
19  0.444500   0.00000   0.00000            -1.590    -0.320    -1.580         1
