mobley_4252724	-1.076059	0.66992	#systeme  DGsolv_calc  DGsolv_expt (kJ/mol)
24
#    charge    sigma(Ang)  epsilon(kJ/mol)  x         y         z        Zatomic
1 -0.091900   3.39967   1.91652             0.190    -0.100     0.940         6
2 -0.062800   3.39967   1.91652            -0.640     0.650     1.980         6
3 -0.091900   3.39967   1.91652            -0.070     0.390     3.380         6
4 -0.034200   3.39967   1.91652            -0.690     2.160     1.700         6
5 -0.074200   3.39967   1.50658            -1.290     2.520     0.360         6
6 -0.128000   3.39967   1.50658            -0.470     2.630    -0.760         6
7 -0.129500   3.39967   1.50658            -1.020     2.960    -2.000         6
8 -0.133000   3.39967   1.50658            -2.390     3.180    -2.110         6
9 -0.129500   3.39967   1.50658            -3.210     3.070    -0.990         6
10 -0.128000   3.39967   1.50658            -2.660     2.740     0.250         6
11  0.034900   2.64953   0.27504            -0.200     0.060    -0.070         1
12  0.034900   2.64953   0.27504             0.200    -1.180     1.130         1
13  0.034900   2.64953   0.27504             1.230     0.240     0.960         1
14  0.049100   2.64953   0.27504            -1.660     0.240     1.960         1
15  0.034900   2.64953   0.27504            -0.660     0.920     4.140         1
16  0.034900   2.64953   0.27504            -0.080    -0.670     3.630         1
17  0.034900   2.64953   0.27504             0.960     0.750     3.450         1
18  0.047000   2.64953   0.27504             0.320     2.590     1.790         1
19  0.047000   2.64953   0.27504            -1.290     2.660     2.480         1
20  0.130500   2.59964   0.26278             0.600     2.450    -0.680         1
21  0.129700   2.59964   0.26278            -0.380     3.040    -2.870         1
22  0.130100   2.59964   0.26278            -2.820     3.440    -3.080         1
23  0.129700   2.59964   0.26278            -4.280     3.250    -1.080         1
24  0.130500   2.59964   0.26278            -3.310     2.660     1.120         1
