mobley_7015518	-3.571511	-7.99717	#systeme  DGsolv_calc  DGsolv_expt (kJ/mol)
9
#    charge    sigma(Ang)  epsilon(kJ/mol)  x         y         z        Zatomic
1  0.111900   3.39967   1.91652            -0.610    -0.520     0.750         6
2 -0.418300   3.00001   2.97813             0.040    -0.500     2.010         8
3  0.112000   3.39967   1.91652             1.290    -1.170     1.970         6
4  0.032400   2.47135   0.27504            -1.570     0.010     0.820         1
5  0.032400   2.47135   0.27504            -0.770    -1.550     0.430         1
6  0.032400   2.47135   0.27504             0.020    -0.010     0.020         1
7  0.032400   2.47135   0.27504             1.750    -1.130     2.960         1
8  0.032400   2.47135   0.27504             1.930    -0.680     1.230         1
9  0.032400   2.47135   0.27504             1.120    -2.200     1.680         1
