mobley_1977493	4.073951	-1.38171	#systeme  DGsolv_calc  DGsolv_expt (kJ/mol)
11
#    charge    sigma(Ang)  epsilon(kJ/mol)  x         y         z        Zatomic
1 -0.093500   3.39967   1.91652             0.370     0.500     0.900         6
2 -0.094700   3.39967   1.91652             0.890    -0.530     1.890         6
3  0.040400   3.39967   1.91652             1.520     0.090     3.140         6
4 -0.200200   3.47094   4.64238             2.120    -1.140     4.270        18
5  0.037800   2.64953   0.27504            -0.070     0.010     0.030         1
6  0.037800   2.64953   0.27504            -0.410     1.120     1.370         1
7  0.037800   2.64953   0.27504             1.160     1.170     0.560         1
8  0.054100   2.64953   0.27504             0.080    -1.210     2.180         1
9  0.054100   2.64953   0.27504             1.650    -1.140     1.390         1
10  0.063200   2.47135   0.27504             0.800     0.720     3.670         1
11  0.063200   2.47135   0.27504             2.370     0.710     2.850         1
