mobley_5052949	2.67968	-5.35936	#systeme  DGsolv_calc  DGsolv_expt (kJ/mol)
21
#    charge    sigma(Ang)  epsilon(kJ/mol)  x         y         z        Zatomic
1 -0.093300   3.39967   1.91652            -0.370    -0.320     3.330         6
2 -0.069800   3.39967   1.91652             1.120    -0.350     3.650         6
3 -0.009100   3.39967   1.91652             1.880    -1.210     2.650         6
4 -0.310900   3.56359   4.37960             3.650    -1.230     3.040        16
5 -0.009100   3.39967   1.91652             4.210    -2.300     1.700         6
6 -0.069800   3.39967   1.91652             5.720    -2.520     1.760         6
7 -0.093200   3.39967   1.91652             6.200    -3.420     0.640         6
8  0.035200   2.64953   0.27504            -0.910     0.290     4.050         1
9  0.035200   2.64953   0.27504            -0.530     0.090     2.330         1
10  0.035200   2.64953   0.27504            -0.790    -1.330     3.350         1
11  0.054500   2.64953   0.27504             1.260    -0.740     4.660         1
12  0.054500   2.64953   0.27504             1.500     0.680     3.630         1
13  0.056500   2.47135   0.27504             1.510    -2.240     2.660         1
14  0.056500   2.47135   0.27504             1.760    -0.820     1.630         1
15  0.056500   2.47135   0.27504             3.930    -1.850     0.740         1
16  0.056500   2.47135   0.27504             3.690    -3.260     1.770         1
17  0.054500   2.64953   0.27504             6.240    -1.550     1.690         1
18  0.054500   2.64953   0.27504             6.000    -2.970     2.720         1
19  0.035200   2.64953   0.27504             7.290    -3.570     0.690         1
20  0.035200   2.64953   0.27504             5.720    -4.400     0.710         1
21  0.035200   2.64953   0.27504             5.960    -2.990    -0.340         1
