mobley_3370989	0.946262	-0.46057	#systeme  DGsolv_calc  DGsolv_expt (kJ/mol)
8
#    charge    sigma(Ang)  epsilon(kJ/mol)  x         y         z        Zatomic
1 -0.152200   3.39967   1.91652            -0.370     0.290    -0.620         6
2  0.398900   3.39967   1.91652             0.310    -0.350     0.570         6
3 -0.249500   3.11815   1.06862             0.060     0.380     1.680        10
4 -0.249500   3.11815   1.06862             1.650    -0.340     0.380        10
5  0.063600   2.64953   0.27504            -0.180    -0.290    -1.520         1
6  0.063600   2.64953   0.27504            -1.450     0.340    -0.470         1
7  0.063600   2.64953   0.27504             0.010     1.300    -0.780         1
8  0.061500   2.29317   0.27504            -0.030    -1.380     0.730         1
