mobley_2958326	-9.349571	-15.28255	#systeme  DGsolv_calc  DGsolv_expt (kJ/mol)
22
#    charge    sigma(Ang)  epsilon(kJ/mol)  x         y         z        Zatomic
1 -0.092500   3.39967   1.91652             1.110     2.110     0.490         6
2 -0.083700   3.39967   1.91652             1.310     1.350    -0.820         6
3  0.169100   3.39967   1.91652             2.620     1.720    -1.510         6
4 -0.830201   3.25000   2.97813             2.800     1.010    -2.750         7
5  0.169100   3.39967   1.91652             4.060     1.380    -3.400         6
6 -0.083700   3.39967   1.91652             4.250     0.620    -4.700         6
7 -0.092500   3.39967   1.91652             5.540     0.970    -5.410         6
8  0.034000   2.64953   0.27504             0.170     1.820     0.970         1
9  0.034000   2.64953   0.27504             1.930     1.870     1.190         1
10  0.034000   2.64953   0.27504             1.110     3.190     0.340         1
11  0.045000   2.64953   0.27504             0.480     1.590    -1.480         1
12  0.045000   2.64953   0.27504             1.280     0.280    -0.620         1
13  0.026100   2.47135   0.27504             2.630     2.790    -1.750         1
14  0.026100   2.47135   0.27504             3.480     1.510    -0.870         1
15  0.356000   1.06908   0.27504             2.030     1.210    -3.390         1
16  0.026100   2.47135   0.27504             4.840     1.130    -2.690         1
17  0.026100   2.47135   0.27504             4.030     2.450    -3.550         1
18  0.045000   2.64953   0.27504             4.250    -0.450    -4.470         1
19  0.045000   2.64953   0.27504             3.400     0.800    -5.370         1
20  0.034000   2.64953   0.27504             5.640     0.410    -6.350         1
21  0.034000   2.64953   0.27504             5.560     2.040    -5.660         1
22  0.034000   2.64953   0.27504             6.410     0.760    -4.790         1
