mobley_1235151	-5.547775	-11.80734	#systeme  DGsolv_calc  DGsolv_expt (kJ/mol)
19
#    charge    sigma(Ang)  epsilon(kJ/mol)  x         y         z        Zatomic
1 -0.094300   3.39967   1.91652             0.070    -0.680     0.860         6
2 -0.079900   3.39967   1.91652             1.340    -0.420     1.650         6
3 -0.078200   3.39967   1.91652             2.590    -0.620     0.800         6
4 -0.093100   3.39967   1.91652             3.870    -0.360     1.600         6
5 -0.077300   3.39967   1.91652             5.110    -0.570     0.740         6
6  0.229000   3.25000   2.97813             6.300    -0.300     1.540         7
7 -0.210200   2.95992   3.67887             6.810    -1.260     2.170         8
8 -0.210200   2.95992   3.67887             6.740     0.860     1.580         8
9  0.036400   2.64953   0.27504            -0.810    -0.520     1.490         1
10  0.036400   2.64953   0.27504             0.000    -0.000    -0.000         1
11  0.036400   2.64953   0.27504             0.050    -1.710     0.490         1
12  0.044400   2.64953   0.27504             1.370    -1.090     2.520         1
13  0.044400   2.64953   0.27504             1.320     0.610     2.030         1
14  0.046300   2.64953   0.27504             2.560     0.040    -0.070         1
15  0.046300   2.64953   0.27504             2.610    -1.650     0.410         1
16  0.067500   2.64953   0.27504             3.900    -1.020     2.470         1
17  0.067500   2.64953   0.27504             3.850     0.670     1.990         1
18  0.094300   2.47135   0.27504             5.130     0.120    -0.110         1
19  0.094300   2.47135   0.27504             5.180    -1.600     0.380         1
