mobley_1046331	-22.785654	-15.99434	#systeme  DGsolv_calc  DGsolv_expt (kJ/mol)
15
#    charge    sigma(Ang)  epsilon(kJ/mol)  x         y         z        Zatomic
1 -0.129400   3.39967   1.50658             1.890    -1.040    -0.110         6
2 -0.118900   3.39967   1.50658             2.920    -1.630     0.610         6
3 -0.125800   3.39967   1.50658             2.880    -1.650     2.000         6
4  0.096200   3.39967   1.50658             1.800    -1.080     2.680         6
5 -0.125800   3.39967   1.50658             0.760    -0.480     1.960         6
6 -0.118900   3.39967   1.50658             0.810    -0.460     0.560         6
7 -0.380200   3.00001   2.97813             1.760    -1.100     4.040         8
8  0.633801   3.39967   1.50658             2.360     0.020     4.630         6
9 -0.510401   2.95992   3.67887             2.890     0.960     4.070         8
10  0.134800   2.59964   0.26278             1.920    -1.020    -1.200         1
11  0.136100   2.59964   0.26278             3.760    -2.080     0.080         1
12  0.144900   2.59964   0.26278             3.690    -2.120     2.560         1
13  0.144900   2.59964   0.26278            -0.080    -0.040     2.470         1
14  0.136100   2.59964   0.26278            -0.000     0.000     0.000         1
15  0.082600   2.42146   0.26278             2.280    -0.090     5.730         1
