mobley_994483	2.039069	-3.09838	#systeme  DGsolv_calc  DGsolv_expt (kJ/mol)
8
#    charge    sigma(Ang)  epsilon(kJ/mol)  x         y         z        Zatomic
1 -0.096100   3.39967   1.91652             0.010    -0.720     0.820         6
2 -0.007700   3.39967   1.91652             1.140    -0.440     1.790         6
3 -0.183800   3.59923   7.35773             2.850    -0.550     0.860        40
4  0.048400   2.64953   0.27504            -0.950    -0.670     1.340         1
5  0.048400   2.64953   0.27504            -0.000     0.000     0.000         1
6  0.048400   2.64953   0.27504             0.100    -1.720     0.380         1
7  0.071200   2.47135   0.27504             1.170    -1.180     2.590         1
8  0.071200   2.47135   0.27504             1.070     0.560     2.210         1
