mobley_3572203	-9.110912	-8.83457	#systeme  DGsolv_calc  DGsolv_expt (kJ/mol)
26
#    charge    sigma(Ang)  epsilon(kJ/mol)  x         y         z        Zatomic
1 -0.091600   3.39967   1.91652             0.790    -0.390     0.650         6
2 -0.080000   3.39967   1.91652             1.620    -1.440    -0.070         6
3 -0.079000   3.39967   1.91652             2.290    -0.870    -1.320         6
4 -0.109300   3.39967   1.91652             3.120    -1.930    -2.040         6
5  0.142300   3.39967   1.91652             3.800    -1.370    -3.280         6
6 -0.466000   3.00001   2.97813             4.550    -2.400    -3.900         8
7  0.638701   3.39967   1.50658             5.230    -2.050    -5.040         6
8 -0.509801   2.95992   3.67887             5.230    -0.930    -5.550         8
9 -0.140300   3.39967   1.91652             5.970    -3.250    -5.570         6
10 -0.094100   3.39967   1.91652             6.750    -2.930    -6.830         6
11  0.033400   2.64953   0.27504             0.310    -0.810     1.540         1
12  0.033400   2.64953   0.27504             1.410     0.460     0.960         1
13  0.033400   2.64953   0.27504             0.010    -0.010    -0.010         1
14  0.036600   2.64953   0.27504             0.970    -2.280    -0.350         1
15  0.036600   2.64953   0.27504             2.380    -1.830     0.620         1
16  0.047700   2.64953   0.27504             1.530    -0.470    -2.000         1
17  0.047700   2.64953   0.27504             2.940    -0.030    -1.030         1
18  0.046600   2.64953   0.27504             2.490    -2.780    -2.320         1
19  0.046600   2.64953   0.27504             3.890    -2.340    -1.360         1
20  0.065800   2.47135   0.27504             4.480    -0.550    -3.010         1
21  0.065800   2.47135   0.27504             3.060    -1.000    -3.990         1
22  0.077400   2.64953   0.27504             6.670    -3.590    -4.800         1
23  0.077400   2.64953   0.27504             5.250    -4.040    -5.780         1
24  0.046900   2.64953   0.27504             7.280    -3.810    -7.210         1
25  0.046900   2.64953   0.27504             6.070    -2.590    -7.620         1
26  0.046900   2.64953   0.27504             7.490    -2.140    -6.660         1
