mobley_1857976	-1.519881	-7.49473	#systeme  DGsolv_calc  DGsolv_expt (kJ/mol)
8
#    charge    sigma(Ang)  epsilon(kJ/mol)  x         y         z        Zatomic
1  0.020000   3.39967   1.91652            -0.550    -0.510    -0.200         6
2  0.020000   3.39967   1.91652             0.480     0.420     0.430         6
3 -0.171600   3.47094   4.64238             1.810     0.790    -0.690        18
4 -0.171600   3.47094   4.64238            -1.270     0.210    -1.660        18
5  0.075800   2.47135   0.27504            -1.360    -0.690     0.510         1
6  0.075800   2.47135   0.27504            -0.100    -1.470    -0.480         1
7  0.075800   2.47135   0.27504             0.030     1.370     0.740         1
8  0.075800   2.47135   0.27504             0.920    -0.050     1.310         1
