mobley_8746821	-14.097629	-20.18134	#systeme  DGsolv_calc  DGsolv_expt (kJ/mol)
17
#    charge    sigma(Ang)  epsilon(kJ/mol)  x         y         z        Zatomic
1 -0.050100   3.39967   1.91652             2.890    -0.250     3.630         6
2 -0.191500   3.39967   1.50658             1.650    -0.620     2.900         6
3 -0.094100   3.39967   1.50658             1.390    -0.070     1.650         6
4 -0.249300   3.39967   1.50658             0.230    -0.420     0.970         6
5  0.395700   3.39967   1.50658            -0.630    -1.320     1.580         6
6 -0.669801   3.25000   2.97813            -0.410    -1.880     2.790         7
7  0.414000   3.39967   1.50658             0.730    -1.520     3.420         6
8 -0.149600   3.39967   1.91652             0.960    -2.140     4.760         6
9  0.046000   2.64953   0.27504             3.710    -0.930     3.370         1
10  0.046000   2.64953   0.27504             3.200     0.770     3.390         1
11  0.046000   2.64953   0.27504             2.740    -0.290     4.720         1
12  0.135600   2.59964   0.26278             2.080     0.640     1.200         1
13  0.142300   2.59964   0.26278            -0.000    -0.000     0.000         1
14  0.020100   2.51055   0.26278            -1.550    -1.630     1.090         1
15  0.052900   2.64953   0.27504             1.520    -3.080     4.640         1
16  0.052900   2.64953   0.27504             1.530    -1.470     5.410         1
17  0.052900   2.64953   0.27504             0.010    -2.360     5.260         1
