mobley_3546460	-12.561	-18.4228	#systeme  DGsolv_calc  DGsolv_expt (kJ/mol)
21
#    charge    sigma(Ang)  epsilon(kJ/mol)  x         y         z        Zatomic
1 -0.092000   3.39967   1.91652             1.760    -1.390     0.890         6
2 -0.079800   3.39967   1.91652             1.160    -1.870     2.210         6
3 -0.079000   3.39967   1.91652            -0.120    -1.110     2.550         6
4 -0.078800   3.39967   1.91652            -0.770    -1.550     3.860         6
5 -0.084400   3.39967   1.91652            -2.050    -0.790     4.200         6
6  0.132500   3.39967   1.91652            -2.650    -1.270     5.520         6
7 -0.601601   3.06647   3.68587            -3.830    -0.520     5.780         8
8  0.033100   2.64953   0.27504             2.670    -1.950     0.670         1
9  0.033100   2.64953   0.27504             1.050    -1.540     0.060         1
10  0.033100   2.64953   0.27504             2.010    -0.330     0.940         1
11  0.038000   2.64953   0.27504             1.900    -1.740     3.010         1
12  0.038000   2.64953   0.27504             0.950    -2.940     2.130         1
13  0.041400   2.64953   0.27504            -0.850    -1.210     1.730         1
14  0.041400   2.64953   0.27504             0.110    -0.040     2.620         1
15  0.039300   2.64953   0.27504            -0.040    -1.400     4.670         1
16  0.039300   2.64953   0.27504            -0.980    -2.630     3.820         1
17  0.055100   2.64953   0.27504            -2.790    -0.910     3.410         1
18  0.055100   2.64953   0.27504            -1.840     0.290     4.270         1
19  0.018900   2.47135   0.27504            -2.910    -2.330     5.460         1
20  0.018900   2.47135   0.27504            -1.950    -1.110     6.350         1
21  0.398400   0.00000   0.00000            -4.190    -0.850     6.620         1
