mobley_6727159	-27.952412	-34.24966	#systeme  DGsolv_calc  DGsolv_expt (kJ/mol)
12
#    charge    sigma(Ang)  epsilon(kJ/mol)  x         y         z        Zatomic
1  0.131500   3.39967   1.91652            -2.150    -0.190    -0.120         6
2  0.118600   3.39967   1.91652            -0.890     0.450     0.440         6
3 -0.337200   3.00001   2.97813            -0.850     0.240     1.850         8
4  0.376000   3.25000   2.97813             0.290     0.800     2.480         7
5 -0.182400   2.95992   3.67887             1.100     1.400     1.760         8
6 -0.182400   2.95992   3.67887             0.310     0.610     3.690         8
7 -0.592801   3.06647   3.68587            -2.120    -1.590     0.150         8
8  0.049400   2.47135   0.27504            -2.200    -0.060    -1.210         1
9  0.049400   2.47135   0.27504            -3.040     0.230     0.350         1
10  0.078600   2.47135   0.27504            -0.890     1.530     0.260         1
11  0.078600   2.47135   0.27504             0.000     0.000     0.000         1
12  0.412700   0.00000   0.00000            -2.930    -1.970    -0.220         1
