mobley_2859600	-4.513586	-5.19188	#systeme  DGsolv_calc  DGsolv_expt (kJ/mol)
16
#    charge    sigma(Ang)  epsilon(kJ/mol)  x         y         z        Zatomic
1 -0.208900   3.39967   1.50658             1.380    -0.060    -2.330         6
2 -0.114500   3.39967   1.50658             1.930    -1.010    -1.570         6
3 -0.059700   3.39967   1.50658             1.890    -1.040    -0.110         6
4 -0.119100   3.39967   1.50658             2.920    -1.630     0.610         6
5 -0.130500   3.39967   1.50658             2.880    -1.650     2.000         6
6 -0.127800   3.39967   1.50658             1.800    -1.080     2.680         6
7 -0.130500   3.39967   1.50658             0.760    -0.480     1.960         6
8 -0.119100   3.39967   1.50658             0.810    -0.460     0.560         6
9  0.114000   2.59964   0.26278             1.480    -0.120    -3.410         1
10  0.114000   2.59964   0.26278             0.850     0.800    -1.930         1
11  0.124300   2.59964   0.26278             2.470    -1.810    -2.070         1
12  0.132500   2.59964   0.26278             3.770    -2.080     0.100         1
13  0.131200   2.59964   0.26278             3.690    -2.120     2.560         1
14  0.130400   2.59964   0.26278             1.770    -1.100     3.760         1
15  0.131200   2.59964   0.26278            -0.080    -0.040     2.480         1
16  0.132500   2.59964   0.26278            -0.010     0.000     0.010         1
