mobley_6257907	-21.512806	-24.36834	#systeme  DGsolv_calc  DGsolv_expt (kJ/mol)
14
#    charge    sigma(Ang)  epsilon(kJ/mol)  x         y         z        Zatomic
1 -0.083700   3.39967   1.50658             1.890    -1.040    -0.110         6
2 -0.193100   3.39967   1.50658             2.920    -1.630     0.610         6
3  0.152200   3.39967   1.50658             2.880    -1.650     2.000         6
4 -0.191800   3.39967   1.50658             1.800    -1.080     2.680         6
5  0.057300   3.39967   1.50658             0.760    -0.480     1.960         6
6 -0.169400   3.39967   1.50658             0.810    -0.460     0.560         6
7 -0.100500   3.47094   4.64238            -0.570     0.220     2.790        18
8 -0.821801   3.25000   2.97813             3.930    -2.250     2.730         7
9  0.136200   2.59964   0.26278             1.920    -1.020    -1.200         1
10  0.134000   2.59964   0.26278             3.760    -2.070     0.070         1
11  0.146700   2.59964   0.26278             1.770    -1.100     3.760         1
12  0.146500   2.59964   0.26278             0.010    -0.000    -0.010         1
13  0.393700   1.06908   0.27504             4.670    -2.700     2.240         1
14  0.393700   1.06908   0.27504             3.860    -2.300     3.730         1
