mobley_5816127	-19.620282	-27.71794	#systeme  DGsolv_calc  DGsolv_expt (kJ/mol)
13
#    charge    sigma(Ang)  epsilon(kJ/mol)  x         y         z        Zatomic
1  0.114800   3.39967   1.91652             0.300     0.820     2.430         6
2 -0.415200   3.00001   2.97813            -0.850     0.240     1.850         8
3  0.117700   3.39967   1.91652            -0.890     0.450     0.440         6
4  0.130800   3.39967   1.91652            -2.150    -0.190    -0.120         6
5 -0.596101   3.06647   3.68587            -2.120    -1.590     0.150         8
6  0.032500   2.47135   0.27504             0.300     0.640     3.510         1
7  0.032500   2.47135   0.27504             0.310     1.900     2.230         1
8  0.032500   2.47135   0.27504             1.190     0.370     1.990         1
9  0.037900   2.47135   0.27504            -0.890     1.530     0.260         1
10  0.037900   2.47135   0.27504             0.000     0.000     0.000         1
11  0.036200   2.47135   0.27504            -2.200    -0.060    -1.210         1
12  0.036200   2.47135   0.27504            -3.040     0.230     0.350         1
13  0.402300   0.00000   0.00000            -2.930    -1.970    -0.220         1
