mobley_6619554	-13.02157	-10.42563	#systeme  DGsolv_calc  DGsolv_expt (kJ/mol)
23
#    charge    sigma(Ang)  epsilon(kJ/mol)  x         y         z        Zatomic
1 -0.097300   3.39967   1.91652            -0.510     0.910     0.340         6
2 -0.079000   3.39967   1.91652            -0.570     0.960     1.860         6
3 -0.077400   3.39967   1.91652             0.820     0.960     2.480         6
4 -0.132100   3.39967   1.91652             0.760     1.010     4.000         6
5  0.633201   3.39967   1.50658             2.130     1.010     4.630         6
6 -0.537901   2.95992   3.67887             3.190     0.980     4.020         8
7 -0.448200   3.00001   2.97813             2.000     1.050     5.990         8
8  0.135700   3.39967   1.91652             3.220     1.060     6.730         6
9 -0.129000   3.39967   1.91652             2.890     1.110     8.210         6
10  0.035300   2.64953   0.27504            -1.510     0.910    -0.090         1
11  0.035300   2.64953   0.27504             0.040     1.770    -0.060         1
12  0.035300   2.64953   0.27504             0.000    -0.000     0.010         1
13  0.044500   2.64953   0.27504            -1.120     1.860     2.170         1
14  0.044500   2.64953   0.27504            -1.140     0.100     2.220         1
15  0.053200   2.64953   0.27504             1.390     1.820     2.110         1
16  0.053200   2.64953   0.27504             1.370     0.060     2.160         1
17  0.078800   2.64953   0.27504             0.210     0.140     4.380         1
18  0.078800   2.64953   0.27504             0.240     1.920     4.320         1
19  0.065000   2.47135   0.27504             3.770     0.150     6.490         1
20  0.065000   2.47135   0.27504             3.800     1.930     6.430         1
21  0.047700   2.64953   0.27504             3.810     1.110     8.800         1
22  0.047700   2.64953   0.27504             2.310     2.010     8.440         1
23  0.047700   2.64953   0.27504             2.280     0.250     8.500         1
