mobley_8558116	-24.175738	-26.46184	#systeme  DGsolv_calc  DGsolv_expt (kJ/mol)
18
#    charge    sigma(Ang)  epsilon(kJ/mol)  x         y         z        Zatomic
1  0.148800   3.39967   1.91652             0.960    -2.040    -1.410         6
2 -0.713001   3.25000   2.97813             0.210    -0.890    -1.910         7
3  0.122300   3.39967   1.91652            -1.220    -1.230    -2.070         6
4  0.127200   3.39967   1.91652            -1.990    -0.020    -2.570         6
5 -0.417000   3.00001   2.97813            -1.830     1.080    -1.670         8
6  0.127200   3.39967   1.91652            -0.460     1.440    -1.540         6
7  0.122300   3.39967   1.91652             0.350     0.260    -1.010         6
8  0.034200   2.47135   0.27504             0.850    -2.890    -2.090         1
9  0.034200   2.47135   0.27504             0.600    -2.330    -0.420         1
10  0.034200   2.47135   0.27504             2.020    -1.790    -1.340         1
11  0.041300   2.47135   0.27504            -1.330    -2.050    -2.780         1
12  0.041300   2.47135   0.27504            -1.640    -1.560    -1.100         1
13  0.053600   2.47135   0.27504            -1.660     0.280    -3.580         1
14  0.053600   2.47135   0.27504            -3.050    -0.250    -2.630         1
15  0.053600   2.47135   0.27504            -0.070     1.790    -2.510         1
16  0.053600   2.47135   0.27504            -0.400     2.280    -0.840         1
17  0.041300   2.47135   0.27504             1.410     0.550    -0.930         1
18  0.041300   2.47135   0.27504            -0.000    -0.000    -0.000         1
