mobley_2245668	-13.10531	-18.8415	#systeme  DGsolv_calc  DGsolv_expt (kJ/mol)
15
#    charge    sigma(Ang)  epsilon(kJ/mol)  x         y         z        Zatomic
1 -0.090100   3.39967   1.91652             1.000    -0.360    -0.270         6
2 -0.070500   3.39967   1.91652             1.820     0.750    -0.940         6
3 -0.090100   3.39967   1.91652             1.160     1.180    -2.250         6
4  0.134300   3.39967   1.91652             2.000     1.950    -0.010         6
5 -0.601101   3.06647   3.68587             2.680     1.550     1.170         8
6  0.036500   2.64953   0.27504             1.470    -0.670     0.660         1
7  0.036500   2.64953   0.27504             0.910    -1.240    -0.920         1
8  0.036500   2.64953   0.27504            -0.010    -0.010    -0.040         1
9  0.059700   2.64953   0.27504             2.810     0.330    -1.170         1
10  0.036500   2.64953   0.27504             1.740     1.970    -2.740         1
11  0.036500   2.64953   0.27504             0.150     1.570    -2.070         1
12  0.036500   2.64953   0.27504             1.070     0.340    -2.950         1
13  0.020400   2.47135   0.27504             2.600     2.730    -0.500         1
14  0.020400   2.47135   0.27504             1.030     2.380     0.270         1
15  0.398000   0.00000   0.00000             2.770     2.340     1.720         1
