mobley_5616693	-14.750801	-10.59311	#systeme  DGsolv_calc  DGsolv_expt (kJ/mol)
29
#    charge    sigma(Ang)  epsilon(kJ/mol)  x         y         z        Zatomic
1 -0.090400   3.39967   1.91652            -1.570     2.250    -0.160         6
2 -0.059700   3.39967   1.91652            -1.330     1.200    -1.250         6
3  0.053800   2.64953   0.27504            -1.260     1.720    -2.210         1
4 -0.082000   3.39967   1.91652            -2.510     0.220    -1.320         6
5 -0.072400   3.39967   1.91652            -2.280    -0.830    -2.410         6
6 -0.155900   3.39967   1.91652            -0.990    -1.610    -2.180         6
7  0.070200   2.64953   0.27504            -1.060    -2.180    -1.240         1
8  0.571701   3.39967   1.50658             0.170    -0.640    -2.020         6
9 -0.532701   2.95992   3.67887             1.250    -0.780    -2.610         8
10 -0.178900   3.39967   1.91652            -0.020     0.460    -1.000         6
11 -0.058200   3.39967   1.91652            -0.750    -2.600    -3.320         6
12 -0.093400   3.39967   1.91652             0.220    -3.700    -2.880         6
13 -0.093400   3.39967   1.91652            -2.070    -3.210    -3.790         6
14  0.037400   2.64953   0.27504            -1.650     1.770     0.820         1
15  0.037400   2.64953   0.27504            -0.740     2.970    -0.130         1
16  0.037400   2.64953   0.27504            -2.490     2.800    -0.350         1
17  0.045000   2.64953   0.27504            -2.650    -0.270    -0.350         1
18  0.045000   2.64953   0.27504            -3.430     0.770    -1.540         1
19  0.050300   2.64953   0.27504            -3.140    -1.510    -2.430         1
20  0.050300   2.64953   0.27504            -2.250    -0.330    -3.390         1
21  0.067800   2.64953   0.27504             0.000     0.000     0.000         1
22  0.067800   2.64953   0.27504             0.830     1.150    -1.060         1
23  0.063900   2.64953   0.27504            -0.290    -2.060    -4.160         1
24  0.036500   2.64953   0.27504             0.400    -4.420    -3.690         1
25  0.036500   2.64953   0.27504            -0.180    -4.250    -2.020         1
26  0.036500   2.64953   0.27504             1.180    -3.280    -2.580         1
27  0.036500   2.64953   0.27504            -1.910    -3.920    -4.610         1
28  0.036500   2.64953   0.27504            -2.750    -2.430    -4.150         1
29  0.036500   2.64953   0.27504            -2.570    -3.740    -2.970         1
