mobley_9740891	-13.90084	-19.72077	#systeme  DGsolv_calc  DGsolv_expt (kJ/mol)
13
#    charge    sigma(Ang)  epsilon(kJ/mol)  x         y         z        Zatomic
1 -0.091900   3.39967   1.50658             1.890    -1.040    -0.110         6
2 -0.132000   3.39967   1.50658             2.920    -1.630     0.610         6
3  0.054900   3.39967   1.50658             2.880    -1.650     2.000         6
4 -0.004400   3.39967   1.50658             1.800    -1.080     2.680         6
5  0.054900   3.39967   1.50658             0.760    -0.480     1.960         6
6 -0.132000   3.39967   1.50658             0.810    -0.460     0.560         6
7 -0.056400   3.47094   4.64238            -0.600     0.240     2.730        18
8  0.231800   3.39967   3.67887             1.760    -1.100     4.110         6
9 -0.332700   3.25000   2.97813             1.720    -1.120     5.260         7
10 -0.056400   3.47094   4.64238             4.190    -2.400     2.840        18
11  0.149200   2.59964   0.26278             1.920    -1.020    -1.200         1
12  0.157500   2.59964   0.26278             3.750    -2.070     0.070         1
13  0.157500   2.59964   0.26278             0.010    -0.000    -0.020         1
