mobley_3269565	-2.750859	-8.41587	#systeme  DGsolv_calc  DGsolv_expt (kJ/mol)
15
#    charge    sigma(Ang)  epsilon(kJ/mol)  x         y         z        Zatomic
1 -0.107200   3.39967   1.91652             1.080     0.050     0.200         6
2  0.135200   3.39967   1.91652             1.350     0.920     1.410         6
3 -0.107200   3.39967   1.91652             2.840     1.040     1.700         6
4 -0.416200   3.00001   2.97813             0.810     2.220     1.190         8
5  0.115900   3.39967   1.91652            -0.590     2.250     1.440         6
6  0.042900   2.64953   0.27504             0.000    -0.030     0.000         1
7  0.042900   2.64953   0.27504             1.560     0.470    -0.690         1
8  0.042900   2.64953   0.27504             1.480    -0.960     0.330         1
9  0.028200   2.47135   0.27504             0.850     0.500     2.290         1
10  0.042900   2.64953   0.27504             3.030     1.670     2.580         1
11  0.042900   2.64953   0.27504             3.360     1.480     0.840         1
12  0.042900   2.64953   0.27504             3.290     0.050     1.870         1
13  0.031300   2.47135   0.27504            -0.970     3.250     1.260         1
14  0.031300   2.47135   0.27504            -0.780     1.940     2.470         1
15  0.031300   2.47135   0.27504            -1.070     1.550     0.750         1
