mobley_5880265	-16.11995	-26.16875	#systeme  DGsolv_calc  DGsolv_expt (kJ/mol)
22
#    charge    sigma(Ang)  epsilon(kJ/mol)  x         y         z        Zatomic
1 -0.091900   3.39967   1.91652             0.390    -1.020    -0.090         6
2 -0.080200   3.39967   1.91652            -0.580    -2.020     0.520         6
3 -0.080300   3.39967   1.91652            -1.930    -1.990    -0.190         6
4  0.129400   3.39967   1.91652            -2.900    -3.000     0.410         6
5 -0.417600   3.00001   2.97813            -4.140    -2.920    -0.290         8
6  0.090700   3.39967   1.91652            -5.090    -3.830     0.230         6
7  0.125300   3.39967   1.91652            -6.380    -3.700    -0.560         6
8 -0.593601   3.06647   3.68587            -6.870    -2.370    -0.430         8
9  0.032500   2.64953   0.27504             1.360    -1.050     0.430         1
10  0.032500   2.64953   0.27504             0.560    -1.230    -1.150         1
11  0.032500   2.64953   0.27504            -0.010    -0.010     0.000         1
12  0.046200   2.64953   0.27504            -0.150    -3.030     0.450         1
13  0.046200   2.64953   0.27504            -0.710    -1.800     1.590         1
14  0.048900   2.64953   0.27504            -2.370    -0.990    -0.130         1
15  0.048900   2.64953   0.27504            -1.800    -2.210    -1.260         1
16  0.028100   2.47135   0.27504            -2.520    -4.020     0.330         1
17  0.028100   2.47135   0.27504            -3.090    -2.770     1.470         1
18  0.030000   2.47135   0.27504            -4.680    -4.840     0.140         1
19  0.030000   2.47135   0.27504            -5.260    -3.590     1.280         1
20  0.059000   2.47135   0.27504            -7.150    -4.380    -0.170         1
21  0.059000   2.47135   0.27504            -6.210    -3.900    -1.620         1
22  0.396300   0.00000   0.00000            -7.690    -2.320    -0.940         1
