mobley_186894	-0.762034	-4.6057	#systeme  DGsolv_calc  DGsolv_expt (kJ/mol)
12
#    charge    sigma(Ang)  epsilon(kJ/mol)  x         y         z        Zatomic
1 -0.093800   3.39967   1.91652             0.160    -0.500     0.960         6
2 -0.084300   3.39967   1.91652             1.640    -0.520     1.310         6
3  0.006000   3.39967   1.91652             1.880    -1.210     2.650         6
4 -0.379400   3.56359   4.37960             3.650    -1.230     3.040        16
5  0.036600   2.64953   0.27504            -0.010    -0.000     0.000         1
6  0.036600   2.64953   0.27504            -0.230    -1.520     0.890         1
7  0.036600   2.64953   0.27504            -0.410     0.040     1.730         1
8  0.048300   2.64953   0.27504             2.010     0.510     1.330         1
9  0.048300   2.64953   0.27504             2.180    -1.040     0.510         1
10  0.072800   2.47135   0.27504             1.350    -0.690     3.450         1
11  0.072800   2.47135   0.27504             1.520    -2.240     2.620         1
12  0.199500   1.06908   0.27504             4.030    -1.930     1.960         1
