mobley_349850	-20.55817	-19.6789	#systeme  DGsolv_calc  DGsolv_expt (kJ/mol)
20
#    charge    sigma(Ang)  epsilon(kJ/mol)  x         y         z        Zatomic
1 -0.059900   3.39967   1.91652             1.930    -1.010    -1.600         6
2 -0.050000   3.39967   1.50658             1.890    -1.040    -0.110         6
3 -0.143500   3.39967   1.50658             2.920    -1.630     0.610         6
4 -0.082600   3.39967   1.50658             2.880    -1.650     2.000         6
5 -0.178000   3.39967   1.50658             1.800    -1.080     2.680         6
6 -0.082600   3.39967   1.50658             0.760    -0.480     1.960         6
7 -0.143500   3.39967   1.50658             0.810    -0.460     0.560         6
8  0.577401   3.39967   1.50658             1.750    -1.100     4.130         6
9 -0.532901   2.95992   3.67887             2.260    -1.980     4.840         8
10 -0.198900   3.39967   1.91652             1.050     0.030     4.820         6
11  0.048200   2.64953   0.27504             2.440    -0.110    -1.950         1
12  0.048200   2.64953   0.27504             2.460    -1.890    -1.990         1
13  0.048200   2.64953   0.27504             0.920    -1.040    -2.030         1
14  0.135900   2.59964   0.26278             3.770    -2.080     0.090         1
15  0.142000   2.59964   0.26278             3.690    -2.120     2.550         1
16  0.142000   2.59964   0.26278            -0.080    -0.040     2.470         1
17  0.135900   2.59964   0.26278            -0.010     0.000     0.010         1
18  0.064700   2.64953   0.27504            -0.020    -0.150     4.990         1
19  0.064700   2.64953   0.27504             1.150     0.990     4.290         1
20  0.064700   2.64953   0.27504             1.450     0.240     5.830         1
