mobley_1922649	-43.821142	-30.10453	#systeme  DGsolv_calc  DGsolv_expt (kJ/mol)
26
#    charge    sigma(Ang)  epsilon(kJ/mol)  x         y         z        Zatomic
1  0.140700   3.39967   1.91652            -0.020     0.380    -0.630         6
2 -0.529701   3.00001   2.97813             0.650    -0.390    -1.620         8
3  1.235001   3.74177   3.50368            -0.230    -1.210    -2.720        15
4 -0.587301   3.56359   4.37960            -1.450    -2.560    -2.010        16
5 -0.529701   3.00001   2.97813             0.950    -1.730    -3.730         8
6  0.140700   3.39967   1.91652             1.990    -2.560    -3.230         6
7 -0.464200   3.00001   2.97813            -0.880     0.000    -3.570         8
8  0.166000   3.39967   1.50658            -1.730    -0.110    -4.640         6
9 -0.143800   3.39967   1.50658            -1.630    -1.220    -5.490         6
10 -0.054900   3.39967   1.50658            -2.490    -1.340    -6.580         6
11 -0.177700   3.39967   1.50658            -3.450    -0.350    -6.830         6
12 -0.054900   3.39967   1.50658            -3.540     0.750    -5.980         6
13 -0.143800   3.39967   1.50658            -2.680     0.870    -4.890         6
14  0.314000   3.25000   2.97813            -4.320    -0.480    -7.940         7
15 -0.202300   2.95992   3.67887            -5.170     0.420    -8.140         8
16 -0.202300   2.95992   3.67887            -4.210    -1.480    -8.690         8
17  0.065000   2.47135   0.27504             0.720     0.860     0.020         1
18  0.065000   2.47135   0.27504            -0.670    -0.270    -0.040         1
19  0.065000   2.47135   0.27504            -0.620     1.150    -1.120         1
20  0.065000   2.47135   0.27504             2.680    -2.800    -4.040         1
21  0.065000   2.47135   0.27504             1.550    -3.470    -2.820         1
22  0.065000   2.47135   0.27504             2.520    -2.020    -2.440         1
23  0.172600   2.59964   0.26278            -0.890    -1.990    -5.300         1
24  0.179500   2.59964   0.26278            -2.400    -2.210    -7.230         1
25  0.179500   2.59964   0.26278            -4.280     1.520    -6.160         1
26  0.172600   2.59964   0.26278            -2.770     1.730    -4.230         1
