mobley_8052240	-51.140018	-39.52528	#systeme  DGsolv_calc  DGsolv_expt (kJ/mol)
26
#    charge    sigma(Ang)  epsilon(kJ/mol)  x         y         z        Zatomic
1 -0.120200   3.39967   1.50658             1.290    -1.690    -0.350         6
2 -0.118000   3.39967   1.50658             0.960    -0.460     0.230         6
3 -0.088300   3.39967   1.50658             1.850     0.170     1.090         6
4 -0.126700   3.39967   1.50658             3.080    -0.430     1.380         6
5 -0.127200   3.39967   1.50658             3.420    -1.650     0.810         6
6 -0.086100   3.39967   1.50658             2.520    -2.280    -0.060         6
7  0.582301   3.39967   1.50658             4.710    -2.290     1.100         6
8 -0.525601   2.95992   3.67887             5.010    -3.370     0.600         8
9 -0.073600   3.39967   1.50658             5.650    -1.620     2.020         6
10 -0.150700   3.39967   1.50658             6.890    -2.210     2.320         6
11 -0.062400   3.39967   1.50658             7.780    -1.580     3.180         6
12 -0.211800   3.39967   1.50658             7.440    -0.360     3.760         6
13  0.260600   3.39967   1.50658             6.220     0.240     3.470         6
14 -0.233600   3.39967   1.50658             5.320    -0.390     2.600         6
15  0.603301   3.39967   1.50658             4.020     0.250     2.300         6
16 -0.578601   2.95992   3.67887             3.690     1.320     2.790         8
17 -0.868101   3.25000   2.97813             5.950     1.480     4.090         7
18  0.139100   2.59964   0.26278             0.590    -2.180    -1.030         1
19  0.140500   2.59964   0.26278             0.000     0.000    -0.000         1
20  0.161700   2.59964   0.26278             1.560     1.120     1.530         1
21  0.158400   2.59964   0.26278             2.760    -3.240    -0.530         1
22  0.160100   2.59964   0.26278             7.170    -3.170     1.880         1
23  0.139300   2.59964   0.26278             8.730    -2.050     3.410         1
24  0.136000   2.59964   0.26278             8.150     0.120     4.430         1
25  0.444800   1.06908   0.27504             5.100     1.960     3.880         1
26  0.444800   1.06908   0.27504             6.650     1.900     4.670         1
