mobley_2929847	-37.029828	-25.49883	#systeme  DGsolv_calc  DGsolv_expt (kJ/mol)
17
#    charge    sigma(Ang)  epsilon(kJ/mol)  x         y         z        Zatomic
1 -0.097100   3.39967   1.91652             1.070     0.050     1.710         6
2 -0.059500   3.39967   1.91652             0.530    -0.320     0.330         6
3 -0.097100   3.39967   1.91652             1.430     0.290    -0.750         6
4 -0.169000   3.39967   1.91652            -0.920     0.160     0.190         6
5  0.625401   3.39967   1.50658            -1.850    -0.460     1.200         6
6 -0.486700   2.95992   3.67887            -1.730    -1.560     1.710         8
7 -0.586601   3.06647   3.68587            -2.840     0.410     1.520         8
8  0.040000   2.64953   0.27504             0.440    -0.380     2.500         1
9  0.040000   2.64953   0.27504             1.100     1.130     1.860         1
10  0.040000   2.64953   0.27504             2.090    -0.340     1.850         1
11  0.072300   2.64953   0.27504             0.570    -1.410     0.230         1
12  0.040000   2.64953   0.27504             1.070     0.050    -1.750         1
13  0.040000   2.64953   0.27504             1.460     1.390    -0.660         1
14  0.040000   2.64953   0.27504             2.460    -0.070    -0.670         1
15  0.068100   2.64953   0.27504            -1.290    -0.070    -0.820         1
16  0.068100   2.64953   0.27504            -0.970     1.250     0.330         1
17  0.422100   0.00000   0.00000            -2.770     1.250     1.010         1
