mobley_9185328	-12.782911	-18.38093	#systeme  DGsolv_calc  DGsolv_expt (kJ/mol)
13
#    charge    sigma(Ang)  epsilon(kJ/mol)  x         y         z        Zatomic
1 -0.088100   3.39967   1.91652             0.990     0.090    -0.460         6
2 -0.122700   3.39967   1.91652             1.230     1.520    -0.920         6
3  0.152400   3.39967   1.91652             2.620     1.720    -1.510         6
4 -0.908101   3.25000   2.97813             2.830     3.070    -1.950         7
5  0.034500   2.64953   0.27504            -0.010    -0.030    -0.040         1
6  0.034500   2.64953   0.27504             1.090    -0.600    -1.300         1
7  0.034500   2.64953   0.27504             1.720    -0.210     0.310         1
8  0.035800   2.64953   0.27504             1.100     2.190    -0.070         1
9  0.035800   2.64953   0.27504             0.460     1.790    -1.660         1
10  0.051100   2.47135   0.27504             3.380     1.510    -0.760         1
11  0.051100   2.47135   0.27504             2.790     1.060    -2.370         1
12  0.344600   1.06908   0.27504             3.120     3.770    -1.280         1
13  0.344600   1.06908   0.27504             2.510     3.350    -2.860         1
