mobley_511661	8.185585	2.34472	#systeme  DGsolv_calc  DGsolv_expt (kJ/mol)
10
#    charge    sigma(Ang)  epsilon(kJ/mol)  x         y         z        Zatomic
1 -0.208800   3.39967   1.50658             0.210     0.230     1.040         6
2 -0.137000   3.39967   1.50658            -0.490    -0.370     2.010         6
3 -0.137000   3.39967   1.50658            -1.530    -1.330     1.770         6
4 -0.208800   3.39967   1.50658            -2.230    -1.930     2.740         6
5  0.112200   2.59964   0.26278             0.990     0.950     1.250         1
6  0.112200   2.59964   0.26278             0.000     0.000     0.000         1
7  0.121400   2.59964   0.26278            -0.260    -0.120     3.050         1
8  0.121400   2.59964   0.26278            -1.760    -1.580     0.730         1
9  0.112200   2.59964   0.26278            -3.010    -2.650     2.530         1
10  0.112200   2.59964   0.26278            -2.020    -1.700     3.780         1
