mobley_6522117	-37.804423	-29.60209	#systeme  DGsolv_calc  DGsolv_expt (kJ/mol)
34
#    charge    sigma(Ang)  epsilon(kJ/mol)  x         y         z        Zatomic
1 -0.096700   3.39967   1.91652             0.920     3.530     0.230         6
2  0.161900   3.39967   1.91652             0.160     2.260     0.550         6
3 -0.570401   3.00001   2.97813             0.600     1.220    -0.300         8
4  1.607802   3.74177   3.50368            -0.070    -0.240    -0.150        15
5 -0.782301   2.95992   3.67887             0.460    -1.290    -1.090         8
6 -0.570401   3.00001   2.97813             0.120    -0.570     1.430         8
7  0.161900   3.39967   1.91652             1.380    -1.040     1.870         6
8 -0.096700   3.39967   1.91652             1.330    -1.280     3.360         6
9 -0.473700   3.00001   2.97813            -1.660     0.060    -0.280         8
10  0.185900   3.39967   1.50658            -2.600    -0.900    -0.200         6
11 -0.156700   3.39967   1.50658            -2.330    -2.220    -0.020         6
12 -0.066800   3.47094   4.64238            -3.550    -3.420     0.070        18
13 -0.052200   3.39967   1.50658            -4.010    -0.430    -0.320         6
14 -0.080400   3.39967   1.50658            -4.570    -0.370    -1.600         6
15 -0.132900   3.39967   1.50658            -5.890     0.060    -1.760         6
16  0.037200   3.39967   1.50658            -6.640     0.440    -0.650         6
17 -0.129400   3.39967   1.50658            -6.080     0.380     0.630         6
18  0.056400   3.39967   1.50658            -4.760    -0.060     0.790         6
19 -0.062500   3.47094   4.64238            -4.120    -0.110     2.400        18
20 -0.081100   3.47094   4.64238            -8.260     0.980    -0.850        18
21  0.050100   2.64953   0.27504             0.600     4.350     0.870         1
22  0.050100   2.64953   0.27504             2.000     3.380     0.360         1
23  0.050100   2.64953   0.27504             0.760     3.820    -0.820         1
24  0.046700   2.47135   0.27504            -0.920     2.410     0.400         1
25  0.046700   2.47135   0.27504             0.330     1.970     1.590         1
26  0.046700   2.47135   0.27504             1.620    -1.970     1.340         1
27  0.046700   2.47135   0.27504             2.140    -0.290     1.630         1
28  0.050100   2.64953   0.27504             2.290    -1.650     3.740         1
29  0.050100   2.64953   0.27504             1.070    -0.360     3.890         1
30  0.050100   2.64953   0.27504             0.550    -2.020     3.610         1
31  0.183600   2.51055   0.26278            -1.340    -2.650     0.080         1
32  0.150900   2.59964   0.26278            -4.000    -0.660    -2.470         1
33  0.154100   2.59964   0.26278            -6.310     0.110    -2.760         1
34  0.165100   2.59964   0.26278            -6.670     0.670     1.490         1
