mobley_3727287	-29.14152	-27.2155	#systeme  DGsolv_calc  DGsolv_expt (kJ/mol)
12
#    charge    sigma(Ang)  epsilon(kJ/mol)  x         y         z        Zatomic
1 -0.181600   3.39967   1.50658            -0.730     1.170     0.360         6
2 -0.181600   3.39967   1.50658             0.540     1.070     0.770         6
3  0.532101   3.39967   1.50658             1.360    -0.110     0.440         6
4 -0.491100   2.95992   3.67887             2.530    -0.200     0.810         8
5 -0.181600   3.39967   1.50658             0.730    -1.170    -0.360         6
6 -0.181600   3.39967   1.50658            -0.540    -1.070    -0.770         6
7  0.532101   3.39967   1.50658            -1.360     0.110    -0.440         6
8 -0.491100   2.95992   3.67887            -2.530     0.200    -0.810         8
9  0.161100   2.59964   0.26278            -1.330     2.040     0.610         1
10  0.161100   2.59964   0.26278             1.000     1.860     1.360         1
11  0.161100   2.59964   0.26278             1.330    -2.040    -0.610         1
12  0.161100   2.59964   0.26278            -1.000    -1.860    -1.360         1
