mobley_9100956	7.029973	7.1179	#systeme  DGsolv_calc  DGsolv_expt (kJ/mol)
21
#    charge    sigma(Ang)  epsilon(kJ/mol)  x         y         z        Zatomic
1 -0.089100   3.39967   1.91652             3.370    -3.460    -2.420         6
2 -0.066100   3.39967   1.91652             2.150    -2.700    -1.910         6
3 -0.072400   3.39967   1.91652             2.060    -2.770    -0.380         6
4 -0.075700   3.39967   1.91652             0.870    -1.970     0.150         6
5 -0.075900   3.39967   1.91652             0.900    -0.520    -0.340         6
6 -0.075700   3.39967   1.91652             0.990    -0.450    -1.860         6
7 -0.072400   3.39967   1.91652             2.170    -1.250    -2.400         6
8  0.033200   2.64953   0.27504             3.350    -4.500    -2.070         1
9  0.033200   2.64953   0.27504             3.400    -3.470    -3.510         1
10  0.033200   2.64953   0.27504             4.290    -3.000    -2.050         1
11  0.044900   2.64953   0.27504             1.260    -3.190    -2.330         1
12  0.038600   2.64953   0.27504             1.970    -3.810    -0.050         1
13  0.038600   2.64953   0.27504             2.990    -2.370     0.060         1
14  0.037900   2.64953   0.27504            -0.060    -2.450    -0.170         1
15  0.037900   2.64953   0.27504             0.880    -1.980     1.250         1
16  0.038400   2.64953   0.27504            -0.000    -0.000    -0.000         1
17  0.038400   2.64953   0.27504             1.760    -0.000     0.100         1
18  0.037900   2.64953   0.27504             0.060    -0.840    -2.300         1
19  0.037900   2.64953   0.27504             1.070     0.590    -2.180         1
20  0.038600   2.64953   0.27504             2.170    -1.220    -3.500         1
21  0.038600   2.64953   0.27504             3.110    -0.760    -2.080         1
