mobley_2837389	-16.806618	-20.01386	#systeme  DGsolv_calc  DGsolv_expt (kJ/mol)
10
#    charge    sigma(Ang)  epsilon(kJ/mol)  x         y         z        Zatomic
1 -0.196600   3.39967   1.50658             0.290     0.020     1.040         6
2 -0.196600   3.39967   1.50658             1.520     0.470     1.580         6
3 -0.170200   3.39967   1.50658             1.460     0.320     2.940         6
4 -0.181100   3.25000   2.97813             0.230    -0.210     3.250         7
5 -0.170200   3.39967   1.50658            -0.490    -0.400     2.100         6
6  0.150000   2.59964   0.26278            -0.000     0.000     0.000         1
7  0.150000   2.59964   0.26278             2.360     0.870     1.020         1
8  0.162100   2.51055   0.26278             2.170     0.540     3.720         1
9  0.290500   1.06908   0.27504            -0.090    -0.430     4.180         1
10  0.162100   2.51055   0.26278            -1.490    -0.810     2.130         1
