mobley_1873346	-3.30773	-3.7683	#systeme  DGsolv_calc  DGsolv_expt (kJ/mol)
15
#    charge    sigma(Ang)  epsilon(kJ/mol)  x         y         z        Zatomic
1 -0.054000   3.39967   1.91652             1.930    -1.010    -1.600         6
2 -0.077000   3.39967   1.50658             1.890    -1.040    -0.110         6
3 -0.130500   3.39967   1.50658             2.920    -1.630     0.610         6
4 -0.126800   3.39967   1.50658             2.880    -1.650     2.000         6
5 -0.135000   3.39967   1.50658             1.800    -1.080     2.680         6
6 -0.126800   3.39967   1.50658             0.760    -0.480     1.960         6
7 -0.130500   3.39967   1.50658             0.810    -0.460     0.560         6
8  0.043600   2.64953   0.27504             2.440    -0.110    -1.950         1
9  0.043600   2.64953   0.27504             2.460    -1.890    -1.990         1
10  0.043600   2.64953   0.27504             0.920    -1.040    -2.030         1
11  0.130200   2.59964   0.26278             3.770    -2.080     0.090         1
12  0.129800   2.59964   0.26278             3.690    -2.120     2.560         1
13  0.129800   2.59964   0.26278             1.770    -1.100     3.760         1
14  0.129800   2.59964   0.26278            -0.080    -0.040     2.480         1
15  0.130200   2.59964   0.26278            -0.010     0.000     0.010         1
