mobley_4463913	-33.521122	-20.80939	#systeme  DGsolv_calc  DGsolv_expt (kJ/mol)
20
#    charge    sigma(Ang)  epsilon(kJ/mol)  x         y         z        Zatomic
1 -0.157000   3.39967   1.91652             1.710    -3.300    -2.980         6
2  0.366100   3.39967   1.91652             1.660    -3.320    -1.460         6
3 -0.436700   3.00001   2.97813             1.390    -1.960    -1.030         8
4  0.646151   3.39967   1.50658             1.300    -1.760     0.310         6
5 -0.541201   2.95992   3.67887             1.420    -2.610     1.190         8
6 -0.151500   3.39967   1.91652             1.020    -0.320     0.580         6
7 -0.436700   3.00001   2.97813             2.920    -3.780    -0.950         8
8  0.646151   3.39967   1.50658             3.150    -5.120    -0.950         6
9 -0.541201   2.95992   3.67887             2.380    -5.990    -1.340         8
10 -0.151500   3.39967   1.91652             4.510    -5.400    -0.390         6
11  0.068400   2.64953   0.27504             1.920    -4.300    -3.380         1
12  0.068400   2.64953   0.27504             2.480    -2.610    -3.350         1
13  0.068400   2.64953   0.27504             0.760    -2.970    -3.400         1
14  0.079400   2.29317   0.27504             0.840    -3.960    -1.120         1
15  0.078800   2.64953   0.27504            -0.060    -0.150     0.610         1
16  0.078800   2.64953   0.27504             1.480    -0.020     1.530         1
17  0.078800   2.64953   0.27504             1.440     0.290    -0.220         1
18  0.078800   2.64953   0.27504             4.440    -5.540     0.690         1
19  0.078800   2.64953   0.27504             4.930    -6.290    -0.870         1
20  0.078800   2.64953   0.27504             5.170    -4.550    -0.590         1
