mobley_4780078	-20.85126	-25.16387	#systeme  DGsolv_calc  DGsolv_expt (kJ/mol)
19
#    charge    sigma(Ang)  epsilon(kJ/mol)  x         y         z        Zatomic
1 -0.048000   3.39967   1.91652             1.930    -1.010    -1.600         6
2 -0.108600   3.39967   1.50658             1.890    -1.040    -0.110         6
3 -0.097300   3.39967   1.50658             2.920    -1.630     0.610         6
4 -0.207300   3.39967   1.50658             2.880    -1.650     2.000         6
5  0.118300   3.39967   1.50658             1.800    -1.080     2.680         6
6 -0.095300   3.39967   1.50658             0.760    -0.480     1.960         6
7 -0.101400   3.39967   1.50658             0.810    -0.460     0.560         6
8 -0.044700   3.39967   1.91652            -0.400     0.130     2.660         6
9 -0.498500   3.06647   3.68587             1.770    -1.110     4.040         8
10  0.042200   2.64953   0.27504             2.440    -0.110    -1.950         1
11  0.042200   2.64953   0.27504             2.460    -1.890    -1.990         1
12  0.042200   2.64953   0.27504             0.920    -1.040    -2.030         1
13  0.132100   2.59964   0.26278             3.770    -2.080     0.090         1
14  0.131400   2.59964   0.26278             3.690    -2.120     2.560         1
15  0.133900   2.59964   0.26278            -0.000    -0.000    -0.000         1
16  0.047000   2.64953   0.27504            -0.200     1.190     2.870         1
17  0.047000   2.64953   0.27504            -1.310     0.060     2.060         1
18  0.047000   2.64953   0.27504            -0.600    -0.380     3.610         1
19  0.417800   0.00000   0.00000             2.560    -1.560     4.380         1
