mobley_7869158	-7.804568	-7.62034	#systeme  DGsolv_calc  DGsolv_expt (kJ/mol)
17
#    charge    sigma(Ang)  epsilon(kJ/mol)  x         y         z        Zatomic
1 -0.090000   3.39967   1.91652             0.980    -0.030    -0.240         6
2 -0.122600   3.39967   1.91652             1.410     0.680    -1.510         6
3  0.161200   3.39967   1.91652             0.640     0.190    -2.740         6
4  0.097200   2.47135   0.27504             0.810    -0.890    -2.880         1
5 -0.128500   3.39967   1.91652             1.060     0.940    -3.990         6
6 -0.365700   3.00001   2.97813            -0.760     0.390    -2.530         8
7  0.372200   3.25000   2.97813            -1.580    -0.410    -3.360         7
8 -0.177900   2.95992   3.67887            -1.020    -1.170    -4.160         8
9 -0.177900   2.95992   3.67887            -2.780    -0.230    -3.170         8
10  0.042300   2.64953   0.27504             1.540     0.340     0.630         1
11  0.042300   2.64953   0.27504             1.130    -1.110    -0.310         1
12  0.042300   2.64953   0.27504            -0.090     0.140    -0.050         1
13  0.061200   2.64953   0.27504             2.480     0.520    -1.660         1
14  0.061200   2.64953   0.27504             1.250     1.750    -1.370         1
15  0.060900   2.64953   0.27504             0.510     0.590    -4.870         1
16  0.060900   2.64953   0.27504             0.900     2.020    -3.880         1
17  0.060900   2.64953   0.27504             2.120     0.770    -4.200         1
