mobley_6571751	5.602206	2.80529	#systeme  DGsolv_calc  DGsolv_expt (kJ/mol)
19
#    charge    sigma(Ang)  epsilon(kJ/mol)  x         y         z        Zatomic
1 -0.059300   3.39967   1.91652             1.400     3.710     1.990         6
2 -0.115200   3.39967   1.50658             0.610     2.450     1.840         6
3 -0.171500   3.39967   1.50658             0.200     2.010     0.640         6
4 -0.044300   3.39967   1.91652            -0.630     0.770     0.450         6
5 -0.075500   3.39967   1.91652            -1.240     0.250     1.750         6
6 -0.075100   3.39967   1.91652            -0.230     0.290     2.890         6
7 -0.041800   3.39967   1.91652             0.290     1.710     3.120         6
8  0.040100   2.64953   0.27504             2.470     3.500     1.930         1
9  0.040100   2.64953   0.27504             1.190     4.190     2.960         1
10  0.040100   2.64953   0.27504             1.150     4.420     1.200         1
11  0.119200   2.59964   0.26278             0.460     2.560    -0.260         1
12  0.045600   2.64953   0.27504            -1.440     0.980    -0.260         1
13  0.045600   2.64953   0.27504            -0.000    -0.000    -0.000         1
14  0.039900   2.64953   0.27504            -2.110     0.860     2.020         1
15  0.039900   2.64953   0.27504            -1.600    -0.780     1.600         1
16  0.039800   2.64953   0.27504            -0.680    -0.090     3.810         1
17  0.039800   2.64953   0.27504             0.610    -0.370     2.650         1
18  0.046300   2.64953   0.27504            -0.460     2.290     3.670         1
19  0.046300   2.64953   0.27504             1.190     1.660     3.750         1
