mobley_1944394	-32.964251	-39.10658	#systeme  DGsolv_calc  DGsolv_expt (kJ/mol)
40
#    charge    sigma(Ang)  epsilon(kJ/mol)  x         y         z        Zatomic
1  0.138100   3.39967   1.91652            -3.030    -4.400     0.800         6
2 -0.704801   3.25000   2.97813            -2.950    -3.680     2.070         7
3  0.138100   3.39967   1.91652            -4.050    -2.720     2.190         6
4  0.147400   3.39967   1.91652            -1.660    -3.010     2.200         6
5  0.124000   3.39967   1.91652            -0.590    -4.000     2.630         6
6 -0.418500   3.00001   2.97813             0.660    -3.320     2.750         8
7  0.234500   3.39967   1.91652             1.700    -4.200     3.150         6
8 -0.094800   3.39967   1.50658             2.200    -5.000     1.970         6
9 -0.112100   3.39967   1.50658             2.710    -6.290     2.160         6
10 -0.132700   3.39967   1.50658             3.180    -7.020     1.070         6
11 -0.126100   3.39967   1.50658             3.140    -6.470    -0.210         6
12 -0.132700   3.39967   1.50658             2.630    -5.190    -0.400         6
13 -0.112100   3.39967   1.50658             2.160    -4.450     0.690         6
14 -0.094800   3.39967   1.50658             2.810    -3.470     3.890         6
15 -0.112100   3.39967   1.50658             3.550    -4.140     4.860         6
16 -0.132700   3.39967   1.50658             4.580    -3.470     5.530         6
17 -0.126100   3.39967   1.50658             4.860    -2.140     5.230         6
18 -0.132700   3.39967   1.50658             4.120    -1.470     4.250         6
19 -0.112100   3.39967   1.50658             3.090    -2.140     3.580         6
20  0.034400   2.47135   0.27504            -2.210    -5.120     0.720         1
21  0.034400   2.47135   0.27504            -2.960    -3.690    -0.040         1
22  0.034400   2.47135   0.27504            -3.980    -4.940     0.730         1
23  0.034400   2.47135   0.27504            -3.960    -2.210     3.140         1
24  0.034400   2.47135   0.27504            -4.990    -3.250     2.130         1
25  0.034400   2.47135   0.27504            -3.980    -2.010     1.370         1
26  0.046300   2.47135   0.27504            -1.750    -2.190     2.930         1
27  0.046300   2.47135   0.27504            -1.390    -2.570     1.230         1
28  0.039900   2.47135   0.27504            -0.470    -4.790     1.890         1
29  0.039900   2.47135   0.27504            -0.840    -4.450     3.600         1
30  0.050400   2.47135   0.27504             1.220    -4.900     3.860         1
31  0.136700   2.59964   0.26278             2.750    -6.720     3.160         1
32  0.131100   2.59964   0.26278             3.580    -8.020     1.220         1
33  0.130900   2.59964   0.26278             3.500    -7.040    -1.060         1
34  0.131100   2.59964   0.26278             2.590    -4.760    -1.400         1
35  0.136700   2.59964   0.26278             1.760    -3.450     0.530         1
36  0.136700   2.59964   0.26278             3.340    -5.170     5.110         1
37  0.131100   2.59964   0.26278             5.150    -3.990     6.300         1
38  0.130900   2.59964   0.26278             5.660    -1.620     5.750         1
39  0.131100   2.59964   0.26278             4.340    -0.440     4.010         1
40  0.136700   2.59964   0.26278             2.520    -1.620     2.820         1
