mobley_859464	-12.125552	-9.88132	#systeme  DGsolv_calc  DGsolv_expt (kJ/mol)
20
#    charge    sigma(Ang)  epsilon(kJ/mol)  x         y         z        Zatomic
1 -0.092300   3.39967   1.91652             1.000    -0.360    -0.270         6
2 -0.093600   3.39967   1.91652             1.820     0.750    -0.940         6
3 -0.092300   3.39967   1.91652             1.160     1.180    -2.250         6
4  0.138400   3.39967   1.91652             2.000     1.950    -0.010         6
5 -0.452400   3.00001   2.97813             2.680     1.550     1.170         8
6  0.638701   3.39967   1.50658             2.900     2.530     2.090         6
7 -0.535001   2.95992   3.67887             2.580     3.710     1.980         8
8 -0.154500   3.39967   1.91652             3.620     1.970     3.280         6
9  0.038000   2.64953   0.27504             1.470    -0.670     0.660         1
10  0.038000   2.64953   0.27504             0.910    -1.240    -0.920         1
11  0.038000   2.64953   0.27504            -0.010    -0.010    -0.040         1
12  0.055500   2.64953   0.27504             2.810     0.330    -1.170         1
13  0.038000   2.64953   0.27504             1.740     1.970    -2.740         1
14  0.038000   2.64953   0.27504             0.150     1.570    -2.070         1
15  0.038000   2.64953   0.27504             1.070     0.340    -2.950         1
16  0.067100   2.47135   0.27504             2.600     2.730    -0.500         1
17  0.067100   2.47135   0.27504             1.030     2.380     0.270         1
18  0.075100   2.64953   0.27504             4.700     2.040     3.130         1
19  0.075100   2.64953   0.27504             3.310     0.930     3.440         1
20  0.075100   2.64953   0.27504             3.350     2.540     4.170         1
