mobley_4924862	-14.294418	-8.91831	#systeme  DGsolv_calc  DGsolv_expt (kJ/mol)
20
#    charge    sigma(Ang)  epsilon(kJ/mol)  x         y         z        Zatomic
1 -0.097900   3.39967   1.91652             0.200    -1.080     0.010         6
2 -0.066200   3.39967   1.91652            -0.690    -1.820    -1.000         6
3 -0.097900   3.39967   1.91652            -2.160    -1.640    -0.620         6
4 -0.098600   3.39967   1.91652            -0.380    -1.320    -2.420         6
5  0.131400   3.39967   1.91652             1.060    -1.540    -2.850         6
6 -0.452200   3.00001   2.97813             1.230    -1.050    -4.170         8
7  0.635901   3.39967   1.50658             2.480    -1.180    -4.700         6
8 -0.541601   2.95992   3.67887             3.460    -1.660    -4.160         8
9  0.038300   2.64953   0.27504             1.260    -1.190    -0.240         1
10  0.038300   2.64953   0.27504             0.050    -1.460     1.030         1
11  0.038300   2.64953   0.27504            -0.030    -0.010     0.010         1
12  0.042800   2.64953   0.27504            -0.440    -2.880    -0.930         1
13  0.038300   2.64953   0.27504            -2.810    -2.160    -1.330         1
14  0.038300   2.64953   0.27504            -2.430    -0.580    -0.620         1
15  0.038300   2.64953   0.27504            -2.360    -2.020     0.390         1
16  0.052600   2.64953   0.27504            -0.600    -0.250    -2.490         1
17  0.052600   2.64953   0.27504            -1.050    -1.810    -3.140         1
18  0.066600   2.47135   0.27504             1.750    -1.000    -2.190         1
19  0.066600   2.47135   0.27504             1.330    -2.610    -2.850         1
20  0.076100   2.42146   0.26278             2.480    -0.770    -5.720         1
