mobley_1363784	-12.012503	-20.26508	#systeme  DGsolv_calc  DGsolv_expt (kJ/mol)
17
#    charge    sigma(Ang)  epsilon(kJ/mol)  x         y         z        Zatomic
1 -0.050100   3.39967   1.91652             2.880    -0.270     3.650         6
2 -0.187400   3.39967   1.50658             1.650    -0.620     2.900         6
3 -0.099500   3.39967   1.50658             1.390    -0.070     1.650         6
4 -0.187400   3.39967   1.50658             0.230    -0.420     0.970         6
5  0.387700   3.39967   1.50658            -0.630    -1.320     1.580         6
6 -0.659801   3.25000   2.97813            -0.410    -1.880     2.790         7
7  0.387700   3.39967   1.50658             0.730    -1.520     3.420         6
8 -0.050100   3.39967   1.91652            -0.090     0.160    -0.360         6
9  0.046700   2.64953   0.27504             3.690    -0.950     3.390         1
10  0.046700   2.64953   0.27504             3.200     0.760     3.420         1
11  0.046700   2.64953   0.27504             2.710    -0.320     4.730         1
12  0.136900   2.59964   0.26278             2.090     0.640     1.210         1
13  0.020900   2.51055   0.26278            -1.550    -1.630     1.100         1
14  0.020900   2.51055   0.26278             0.880    -1.980     4.390         1
15  0.046700   2.64953   0.27504             0.330    -0.470    -1.160         1
16  0.046700   2.64953   0.27504            -1.170     0.240    -0.520         1
17  0.046700   2.64953   0.27504             0.330     1.170    -0.470         1
