mobley_1735893	-32.985186	-26.00127	#systeme  DGsolv_calc  DGsolv_expt (kJ/mol)
20
#    charge    sigma(Ang)  epsilon(kJ/mol)  x         y         z        Zatomic
1 -0.093300   3.39967   1.91652             1.910     1.940    -0.390         6
2 -0.079700   3.39967   1.91652             1.740     0.620    -1.140         6
3 -0.080100   3.39967   1.91652             1.000     0.770    -2.480         6
4 -0.073800   3.39967   1.91652             0.800    -0.520    -3.270         6
5 -0.173200   3.39967   1.91652             0.070    -0.320    -4.600         6
6  0.622201   3.39967   1.50658            -0.110    -1.620    -5.350         6
7 -0.483900   2.95992   3.67887             0.280    -2.710    -4.980         8
8 -0.585301   3.06647   3.68587            -0.760    -1.420    -6.530         8
9  0.034000   2.64953   0.27504             2.440     1.760     0.550         1
10  0.034000   2.64953   0.27504             2.480     2.650    -0.980         1
11  0.034000   2.64953   0.27504             0.940     2.390    -0.150         1
12  0.042900   2.64953   0.27504             2.730     0.210    -1.340         1
13  0.042900   2.64953   0.27504             1.220    -0.100    -0.500         1
14  0.038700   2.64953   0.27504             0.020     1.220    -2.290         1
15  0.038700   2.64953   0.27504             1.550     1.490    -3.100         1
16  0.061400   2.64953   0.27504             1.770    -1.000    -3.460         1
17  0.061400   2.64953   0.27504             0.230    -1.220    -2.650         1
18  0.068900   2.64953   0.27504             0.630     0.370    -5.240         1
19  0.068900   2.64953   0.27504            -0.930     0.100    -4.400         1
20  0.421300   0.00000   0.00000            -1.020    -0.490    -6.710         1
