mobley_5690766	10.413069	4.22887	#systeme  DGsolv_calc  DGsolv_expt (kJ/mol)
16
#    charge    sigma(Ang)  epsilon(kJ/mol)  x         y         z        Zatomic
1 -0.222500   3.39967   1.50658             0.120     0.860    -2.220         6
2 -0.163500   3.39967   1.50658            -0.610     0.930    -1.100         6
3 -0.050000   3.39967   1.91652            -2.080     0.670    -1.040         6
4 -0.050000   3.39967   1.91652            -2.880     1.880    -0.540         6
5 -0.163500   3.39967   1.50658            -2.710     3.080    -1.410         6
6 -0.222500   3.39967   1.50658            -2.210     4.250    -0.990         6
7  0.110900   2.59964   0.26278             1.190     1.060    -2.220         1
8  0.110900   2.59964   0.26278            -0.350     0.600    -3.160         1
9  0.119000   2.59964   0.26278            -0.110     1.180    -0.170         1
10  0.047600   2.64953   0.27504            -2.250    -0.170    -0.350         1
11  0.047600   2.64953   0.27504            -2.470     0.340    -2.020         1
12  0.047600   2.64953   0.27504            -2.610     2.100     0.500         1
13  0.047600   2.64953   0.27504            -3.950     1.620    -0.530         1
14  0.119000   2.59964   0.26278            -3.020     3.000    -2.450         1
15  0.110900   2.59964   0.26278            -2.100     5.100    -1.650         1
16  0.110900   2.59964   0.26278            -1.900     4.370     0.040         1
