mobley_5326154	-18.531662	-14.44515	#systeme  DGsolv_calc  DGsolv_expt (kJ/mol)
20
#    charge    sigma(Ang)  epsilon(kJ/mol)  x         y         z        Zatomic
1  0.221300   3.39967   1.91652             3.200    -0.980    -2.230         6
2 -0.725001   3.25000   2.97813             1.930    -1.010    -1.520         7
3  0.221300   3.39967   1.91652             0.700    -1.040    -2.310         6
4  0.197500   3.39967   1.50658             1.890    -1.040    -0.110         6
5 -0.193700   3.39967   1.50658             2.920    -1.630     0.610         6
6 -0.095600   3.39967   1.50658             2.880    -1.650     2.000         6
7 -0.174500   3.39967   1.50658             1.800    -1.080     2.680         6
8 -0.095600   3.39967   1.50658             0.760    -0.480     1.960         6
9 -0.193700   3.39967   1.50658             0.810    -0.460     0.560         6
10  0.032100   2.47135   0.27504             4.030    -0.960    -1.520         1
11  0.032100   2.47135   0.27504             3.260    -0.080    -2.860         1
12  0.032100   2.47135   0.27504             3.300    -1.860    -2.870         1
13  0.032100   2.47135   0.27504            -0.150    -1.070    -1.640         1
14  0.032100   2.47135   0.27504             0.700    -1.930    -2.940         1
15  0.032100   2.47135   0.27504             0.660    -0.150    -2.930         1
16  0.130500   2.59964   0.26278             3.770    -2.080     0.090         1
17  0.127200   2.59964   0.26278             3.690    -2.110     2.560         1
18  0.130000   2.59964   0.26278             1.770    -1.100     3.760         1
19  0.127200   2.59964   0.26278            -0.070    -0.040     2.480         1
20  0.130500   2.59964   0.26278            -0.010     0.000     0.010         1
