mobley_7768165	-3.3496	-8.16465	#systeme  DGsolv_calc  DGsolv_expt (kJ/mol)
8
#    charge    sigma(Ang)  epsilon(kJ/mol)  x         y         z        Zatomic
1  0.034200   3.39967   1.91652            -0.270     0.520     0.490         6
2 -0.027400   3.39967   1.91652             0.240    -0.550    -0.450         6
3 -0.159600   3.59923   7.35773             1.340     0.270    -1.830        40
4 -0.184600   3.47094   4.64238            -1.280    -0.210     1.760        18
5  0.080300   2.47135   0.27504             0.560     1.050     0.980         1
6  0.080300   2.47135   0.27504            -0.880     1.260    -0.040         1
7  0.088400   2.47135   0.27504            -0.580    -1.060    -0.970         1
8  0.088400   2.47135   0.27504             0.870    -1.280     0.060         1
