mobley_7774695	-23.945453	-19.63703	#systeme  DGsolv_calc  DGsolv_expt (kJ/mol)
17
#    charge    sigma(Ang)  epsilon(kJ/mol)  x         y         z        Zatomic
1  0.220900   3.39967   1.91652             3.000    -1.580    -2.300         6
2 -0.806601   3.25000   2.97813             1.930    -1.010    -1.520         7
3  0.199600   3.39967   1.50658             1.890    -1.040    -0.110         6
4 -0.211300   3.39967   1.50658             2.920    -1.630     0.610         6
5 -0.084200   3.39967   1.50658             2.880    -1.650     2.000         6
6 -0.188500   3.39967   1.50658             1.800    -1.080     2.680         6
7 -0.084200   3.39967   1.50658             0.760    -0.480     1.960         6
8 -0.211300   3.39967   1.50658             0.810    -0.460     0.560         6
9  0.032500   2.47135   0.27504             2.810    -1.440    -3.370         1
10  0.032500   2.47135   0.27504             3.090    -2.650    -2.100         1
11  0.032500   2.47135   0.27504             3.950    -1.100    -2.050         1
12  0.430000   1.06908   0.27504             1.160    -0.570    -2.020         1
13  0.128100   2.59964   0.26278             3.770    -2.080     0.090         1
14  0.126000   2.59964   0.26278             3.690    -2.110     2.560         1
15  0.129900   2.59964   0.26278             1.770    -1.100     3.760         1
16  0.126000   2.59964   0.26278            -0.070    -0.040     2.480         1
17  0.128100   2.59964   0.26278            -0.010     0.000     0.010         1
