mobley_2364370	-14.260922	-11.05368	#systeme  DGsolv_calc  DGsolv_expt (kJ/mol)
20
#    charge    sigma(Ang)  epsilon(kJ/mol)  x         y         z        Zatomic
1 -0.095100   3.39967   1.91652             0.390    -1.020    -0.090         6
2 -0.074200   3.39967   1.91652            -0.580    -2.020     0.520         6
3 -0.112800   3.39967   1.91652            -1.930    -1.990    -0.190         6
4  0.142000   3.39967   1.91652            -2.900    -3.000     0.410         6
5 -0.442200   3.00001   2.97813            -4.140    -2.920    -0.290         8
6  0.629601   3.39967   1.50658            -5.120    -3.760     0.140         6
7 -0.547201   2.95992   3.67887            -5.030    -4.570     1.060         8
8 -0.150400   3.39967   1.91652            -6.360    -3.570    -0.690         6
9  0.036100   2.64953   0.27504             1.360    -1.050     0.430         1
10  0.036100   2.64953   0.27504             0.560    -1.230    -1.150         1
11  0.036100   2.64953   0.27504            -0.010    -0.010     0.000         1
12  0.037900   2.64953   0.27504            -0.150    -3.030     0.450         1
13  0.037900   2.64953   0.27504            -0.710    -1.800     1.590         1
14  0.057700   2.64953   0.27504            -2.370    -0.990    -0.130         1
15  0.057700   2.64953   0.27504            -1.800    -2.210    -1.260         1
16  0.062600   2.47135   0.27504            -2.520    -4.020     0.330         1
17  0.062600   2.47135   0.27504            -3.090    -2.770     1.470         1
18  0.075200   2.64953   0.27504            -6.330    -4.240    -1.550         1
19  0.075200   2.64953   0.27504            -6.430    -2.530    -1.010         1
20  0.075200   2.64953   0.27504            -7.240    -3.810    -0.080         1
