mobley_1502181	-10.731281	-10.42563	#systeme  DGsolv_calc  DGsolv_expt (kJ/mol)
28
#    charge    sigma(Ang)  epsilon(kJ/mol)  x         y         z        Zatomic
1 -0.092000   3.39967   1.91652             1.090     3.440     2.840         6
2 -0.080000   3.39967   1.91652             0.530     2.030     2.670         6
3 -0.078400   3.39967   1.91652             0.750     1.510     1.250         6
4 -0.078200   3.39967   1.91652             0.190     0.100     1.080         6
5 -0.077000   3.39967   1.91652             0.410    -0.430    -0.340         6
6 -0.075300   3.39967   1.91652            -0.160    -1.840    -0.500         6
7 -0.181100   3.39967   1.91652             0.050    -2.390    -1.910         6
8  0.563601   3.39967   1.50658            -0.510    -3.790    -2.090         6
9 -0.531901   2.95992   3.67887            -1.060    -4.380    -1.160         8
10 -0.204900   3.39967   1.91652            -0.350    -4.440    -3.430         6
11  0.032800   2.64953   0.27504             0.930     3.800     3.850         1
12  0.032800   2.64953   0.27504             0.620     4.130     2.140         1
13  0.032800   2.64953   0.27504             2.170     3.440     2.640         1
14  0.038700   2.64953   0.27504             1.010     1.360     3.390         1
15  0.038700   2.64953   0.27504            -0.540     2.050     2.890         1
16  0.037900   2.64953   0.27504             0.270     2.180     0.530         1
17  0.037900   2.64953   0.27504             1.820     1.500     1.020         1
18  0.041600   2.64953   0.27504             0.670    -0.580     1.800         1
19  0.041600   2.64953   0.27504            -0.890     0.100     1.310         1
20  0.037300   2.64953   0.27504            -0.070     0.250    -1.050         1
21  0.037300   2.64953   0.27504             1.480    -0.430    -0.560         1
22  0.054800   2.64953   0.27504             0.340    -2.510     0.210         1
23  0.054800   2.64953   0.27504            -1.220    -1.840    -0.250         1
24  0.063900   2.64953   0.27504            -0.420    -1.740    -2.650         1
25  0.063900   2.64953   0.27504             1.120    -2.430    -2.150         1
26  0.062800   2.64953   0.27504             0.600    -5.000    -3.460         1
27  0.062800   2.64953   0.27504            -0.330    -3.680    -4.220         1
28  0.062800   2.64953   0.27504            -1.170    -5.140    -3.610         1
