mobley_194273	-60.694752	-40.73951	#systeme  DGsolv_calc  DGsolv_expt (kJ/mol)
27
#    charge    sigma(Ang)  epsilon(kJ/mol)  x         y         z        Zatomic
1 -0.092000   3.39967   1.91652            -6.250    -3.090    -4.720         6
2 -0.101500   3.39967   1.91652            -5.040    -2.910    -3.820         6
3  0.110600   3.39967   1.91652            -5.060    -1.570    -3.070         6
4  0.089000   2.47135   0.27504            -5.060    -0.750    -3.800         1
5 -0.109500   3.39967   1.91652            -3.830    -1.430    -2.180         6
6 -0.478100   3.25000   2.97813            -6.260    -1.420    -2.260         7
7  0.730101   3.39967   1.50658            -6.520    -2.360    -1.250         6
8 -0.590101   2.95992   3.67887            -5.780    -3.320    -1.000         8
9 -0.251300   3.39967   1.50658            -7.770    -2.140    -0.470         6
10  0.138800   3.39967   1.50658            -8.560    -1.090    -0.770         6
11 -0.466900   3.25000   2.97813            -8.230    -0.230    -1.780         7
12  0.807801   3.39967   1.50658            -7.100    -0.330    -2.570         6
13 -0.639701   2.95992   3.67887            -6.860     0.490    -3.460         8
14 -0.090700   3.39967   1.91652            -9.850    -0.730    -0.070         6
15 -0.014800   3.59923   7.35773            -8.130    -3.380     0.890        40
16  0.035200   2.64953   0.27504            -6.220    -4.050    -5.250         1
17  0.035200   2.64953   0.27504            -7.170    -3.060    -4.130         1
18  0.035200   2.64953   0.27504            -6.310    -2.300    -5.470         1
19  0.061600   2.64953   0.27504            -5.030    -3.730    -3.090         1
20  0.061600   2.64953   0.27504            -4.130    -3.000    -4.420         1
21  0.051000   2.64953   0.27504            -3.830    -0.480    -1.650         1
22  0.051000   2.64953   0.27504            -3.780    -2.240    -1.440         1
23  0.051000   2.64953   0.27504            -2.910    -1.480    -2.780         1
24  0.353900   1.06908   0.27504            -8.860     0.550    -1.970         1
25  0.074200   2.64953   0.27504            -9.640    -0.060     0.760         1
26  0.074200   2.64953   0.27504           -10.320    -1.640     0.290         1
27  0.074200   2.64953   0.27504           -10.510    -0.240    -0.780         1
