mobley_7688753	-39.228003	-39.86024	#systeme  DGsolv_calc  DGsolv_expt (kJ/mol)
15
#    charge    sigma(Ang)  epsilon(kJ/mol)  x         y         z        Zatomic
1 -0.106600   3.39967   1.50658             1.890    -1.040    -0.110         6
2 -0.106800   3.39967   1.50658             2.920    -1.630     0.610         6
3 -0.164600   3.39967   1.50658             2.880    -1.650     2.000         6
4 -0.115700   3.39967   1.50658             1.800    -1.080     2.680         6
5  0.110500   3.39967   1.50658             0.760    -0.480     1.960         6
6 -0.183600   3.39967   1.50658             0.810    -0.460     0.560         6
7 -0.496800   3.06647   3.68587            -0.290     0.070     2.610         8
8  0.575401   3.39967   1.50658             3.960    -2.270     2.750         6
9 -0.523701   2.95992   3.67887             4.940    -2.790     2.220         8
10  0.139300   2.59964   0.26278             1.920    -1.020    -1.200         1
11  0.157500   2.59964   0.26278             3.760    -2.080     0.070         1
12  0.152800   2.59964   0.26278             1.760    -1.090     3.760         1
13  0.138100   2.59964   0.26278             0.000    -0.000    -0.010         1
14  0.421600   0.00000   0.00000            -0.920     0.450     1.980         1
15  0.002600   2.51055   0.26278             3.880    -2.260     3.860         1
