mobley_1189457	-5.547775	-11.43051	#systeme  DGsolv_calc  DGsolv_expt (kJ/mol)
16
#    charge    sigma(Ang)  epsilon(kJ/mol)  x         y         z        Zatomic
1 -0.054000   3.39967   1.91652             1.990    -2.780    -2.240         6
2 -0.224000   3.56359   4.37960             1.940    -1.010    -1.890        16
3 -0.021800   3.39967   1.50658             1.890    -1.040    -0.110         6
4 -0.093900   3.39967   1.50658             2.920    -1.630     0.610         6
5 -0.138000   3.39967   1.50658             2.880    -1.650     2.000         6
6 -0.112400   3.39967   1.50658             1.800    -1.080     2.680         6
7 -0.138000   3.39967   1.50658             0.760    -0.480     1.960         6
8 -0.093900   3.39967   1.50658             0.810    -0.460     0.560         6
9  0.064400   2.47135   0.27504             2.020    -2.950    -3.320         1
10  0.064400   2.47135   0.27504             1.090    -3.260    -1.830         1
11  0.064400   2.47135   0.27504             2.870    -3.230    -1.770         1
12  0.140500   2.59964   0.26278             3.770    -2.080     0.100         1
13  0.134400   2.59964   0.26278             3.690    -2.110     2.560         1
14  0.133000   2.59964   0.26278             1.770    -1.090     3.760         1
15  0.134400   2.59964   0.26278            -0.070    -0.040     2.480         1
16  0.140500   2.59964   0.26278            -0.010     0.010     0.020         1
