mobley_5282042	-30.770263	-31.10941	#systeme  DGsolv_calc  DGsolv_expt (kJ/mol)
44
#    charge    sigma(Ang)  epsilon(kJ/mol)  x         y         z        Zatomic
1  0.142400   3.39967   1.91652             7.760     5.190     1.690         6
2 -0.709401   3.25000   2.97813             7.570     4.250     0.580         7
3  0.142400   3.39967   1.91652             7.730     4.940    -0.700         6
4  0.159500   3.39967   1.91652             6.270     3.630     0.660         6
5 -0.058600   3.39967   1.91652             6.200     2.340    -0.140         6
6 -0.146700   3.39967   1.50658             4.850     1.690    -0.050         6
7 -0.015900   3.39967   1.50658             4.640     0.360    -0.130         6
8 -0.040000   3.39967   1.50658             5.850    -0.490    -0.200         6
9 -0.118200   3.39967   1.50658             6.710    -0.430    -1.310         6
10 -0.134800   3.39967   1.50658             7.840    -1.240    -1.360         6
11 -0.125600   3.39967   1.50658             8.130    -2.110    -0.320         6
12 -0.133900   3.39967   1.50658             7.280    -2.190     0.780         6
13 -0.058900   3.39967   1.50658             6.130    -1.380     0.850         6
14 -0.032100   3.39967   1.91652             5.210    -1.470     2.040         6
15 -0.032100   3.39967   1.91652             3.850    -2.070     1.660         6
16 -0.058900   3.39967   1.50658             2.910    -1.280     0.780         6
17 -0.040000   3.39967   1.50658             3.260    -0.170    -0.040         6
18 -0.118200   3.39967   1.50658             2.260     0.420    -0.840         6
19 -0.134800   3.39967   1.50658             0.940    -0.040    -0.830         6
20 -0.125600   3.39967   1.50658             0.600    -1.120    -0.030         6
21 -0.133900   3.39967   1.50658             1.570    -1.730     0.760         6
22  0.032200   2.47135   0.27504             7.640     4.670     2.640         1
23  0.032200   2.47135   0.27504             7.020     6.000     1.630         1
24  0.032200   2.47135   0.27504             8.760     5.620     1.650         1
25  0.032200   2.47135   0.27504             7.580     4.220    -1.500         1
26  0.032200   2.47135   0.27504             8.730     5.360    -0.760         1
27  0.032200   2.47135   0.27504             6.990     5.730    -0.770         1
28  0.032400   2.47135   0.27504             6.080     3.430     1.720         1
29  0.032400   2.47135   0.27504             5.530     4.360     0.310         1
30  0.063200   2.64953   0.27504             6.480     2.530    -1.180         1
31  0.063200   2.64953   0.27504             6.940     1.630     0.270         1
32  0.128300   2.59964   0.26278             3.990     2.340     0.090         1
33  0.132800   2.59964   0.26278             6.530     0.250    -2.130         1
34  0.131400   2.59964   0.26278             8.510    -1.180    -2.220         1
35  0.130600   2.59964   0.26278             9.020    -2.740    -0.360         1
36  0.130100   2.59964   0.26278             7.520    -2.870     1.580         1
37  0.052700   2.64953   0.27504             5.650    -2.120     2.760         1
38  0.052700   2.64953   0.27504             5.070    -0.490     2.430         1
39  0.052700   2.64953   0.27504             3.990    -3.100     1.200         1
40  0.052700   2.64953   0.27504             3.310    -2.320     2.620         1
41  0.132800   2.59964   0.26278             2.510     1.260    -1.490         1
42  0.131400   2.59964   0.26278             0.190     0.440    -1.450         1
43  0.130600   2.59964   0.26278            -0.420    -1.480    -0.010         1
44  0.130100   2.59964   0.26278             1.280    -2.580     1.380         1
