mobley_9838013	-12.280471	-18.54841	#systeme  DGsolv_calc  DGsolv_expt (kJ/mol)
18
#    charge    sigma(Ang)  epsilon(kJ/mol)  x         y         z        Zatomic
1 -0.089100   3.39967   1.91652            -0.650     0.340     0.800         6
2 -0.105600   3.39967   1.91652            -1.890     1.040     0.280         6
3  0.148900   3.39967   1.91652            -2.840     0.150    -0.530         6
4 -0.103000   3.39967   1.91652            -2.170    -0.440    -1.770         6
5 -0.103000   3.39967   1.91652            -4.080     0.950    -0.950         6
6 -0.598301   3.06647   3.68587            -3.280    -0.940     0.280         8
7  0.037900   2.64953   0.27504            -0.030     1.040     1.370         1
8  0.037900   2.64953   0.27504            -0.040    -0.060    -0.020         1
9  0.037900   2.64953   0.27504            -0.910    -0.490     1.470         1
10  0.040500   2.64953   0.27504            -1.580     1.910    -0.320         1
11  0.040500   2.64953   0.27504            -2.430     1.440     1.150         1
12  0.043200   2.64953   0.27504            -2.860    -1.080    -2.340         1
13  0.043200   2.64953   0.27504            -1.780     0.340    -2.430         1
14  0.043200   2.64953   0.27504            -1.300    -1.050    -1.490         1
15  0.043200   2.64953   0.27504            -4.780     0.340    -1.530         1
16  0.043200   2.64953   0.27504            -4.610     1.340    -0.070         1
17  0.043200   2.64953   0.27504            -3.800     1.820    -1.550         1
18  0.396200   0.00000   0.00000            -3.730    -0.550     1.040         1
