mobley_3105103	-57.650803	-46.64318	#systeme  DGsolv_calc  DGsolv_expt (kJ/mol)
27
#    charge    sigma(Ang)  epsilon(kJ/mol)  x         y         z        Zatomic
1 -0.086700   3.39967   1.91652            -0.480    -0.960     0.240         6
2  0.109000   3.39967   1.50658            -1.560    -1.260    -0.760         6
3 -0.181600   3.39967   1.50658            -1.610    -2.330    -1.560         6
4  0.728801   3.39967   1.50658            -2.750    -2.520    -2.510         6
5 -0.588401   2.95992   3.67887            -2.810    -3.520    -3.220         8
6 -0.476500   3.25000   2.97813            -3.690    -1.480    -2.510         7
7  0.809101   3.39967   1.50658            -3.650    -0.360    -1.650         6
8 -0.645201   2.95992   3.67887            -4.520     0.520    -1.630         8
9 -0.473700   3.25000   2.97813            -2.560    -0.310    -0.810         7
10  0.134100   3.39967   1.91652            -4.800    -1.560    -3.460         6
11 -0.107800   3.39967   1.91652            -4.650    -2.840    -4.290         6
12 -0.107800   3.39967   1.91652            -6.120    -1.590    -2.690         6
13 -0.107800   3.39967   1.91652            -4.750    -0.340    -4.380         6
14 -0.040200   3.47094   4.64238            -0.410    -3.570    -1.570        18
15  0.070800   2.64953   0.27504            -0.720    -1.400     1.210         1
16  0.070800   2.64953   0.27504            -0.360     0.120     0.360         1
17  0.070800   2.64953   0.27504             0.480    -1.370    -0.100         1
18  0.354300   1.06908   0.27504            -2.480     0.480    -0.180         1
19  0.052000   2.64953   0.27504            -5.460    -2.940    -5.010         1
20  0.052000   2.64953   0.27504            -3.700    -2.850    -4.830         1
21  0.052000   2.64953   0.27504            -4.670    -3.730    -3.650         1
22  0.052000   2.64953   0.27504            -6.970    -1.650    -3.370         1
23  0.052000   2.64953   0.27504            -6.240    -0.680    -2.090         1
24  0.052000   2.64953   0.27504            -6.160    -2.450    -2.010         1
25  0.052000   2.64953   0.27504            -5.570    -0.370    -5.120         1
26  0.052000   2.64953   0.27504            -4.840     0.590    -3.810         1
27  0.052000   2.64953   0.27504            -3.810    -0.300    -4.950         1
