mobley_1278715	3.705495	-2.67968	#systeme  DGsolv_calc  DGsolv_expt (kJ/mol)
8
#    charge    sigma(Ang)  epsilon(kJ/mol)  x         y         z        Zatomic
1  0.222000   3.39967   1.91652             0.210    -0.360    -0.660         6
2  0.222000   3.39967   1.91652            -0.210     0.360     0.660         6
3 -0.074000   3.47094   4.64238            -1.220     1.820     0.330        18
4 -0.074000   3.47094   4.64238            -1.170    -0.710     1.740        18
5 -0.074000   3.47094   4.64238             1.230     0.920     1.600        18
6 -0.074000   3.47094   4.64238             1.170     0.710    -1.740        18
7 -0.074000   3.47094   4.64238            -1.230    -0.920    -1.600        18
8 -0.074000   3.47094   4.64238             1.220    -1.820    -0.330        18
