mobley_1755375	-18.037596	-22.02362	#systeme  DGsolv_calc  DGsolv_expt (kJ/mol)
19
#    charge    sigma(Ang)  epsilon(kJ/mol)  x         y         z        Zatomic
1 -0.049400   3.39967   1.91652             1.950    -1.020    -1.600         6
2 -0.125100   3.39967   1.50658             1.890    -1.040    -0.110         6
3 -0.103100   3.39967   1.50658             2.920    -1.630     0.610         6
4 -0.156600   3.39967   1.50658             2.880    -1.650     2.000         6
5 -0.103100   3.39967   1.50658             1.800    -1.080     2.680         6
6 -0.125100   3.39967   1.50658             0.760    -0.480     1.960         6
7  0.124400   3.39967   1.50658             0.810    -0.460     0.560         6
8 -0.501401   3.06647   3.68587            -0.210     0.120    -0.140         8
9 -0.049400   3.39967   1.91652            -0.380     0.120     2.690         6
10  0.045300   2.64953   0.27504             2.460    -0.120    -1.950         1
11  0.045300   2.64953   0.27504             2.490    -1.900    -1.980         1
12  0.045300   2.64953   0.27504             0.950    -1.050    -2.040         1
13  0.132100   2.59964   0.26278             3.770    -2.080     0.090         1
14  0.132800   2.59964   0.26278             3.690    -2.120     2.560         1
15  0.132100   2.59964   0.26278             1.770    -1.100     3.760         1
16  0.420000   0.00000   0.00000            -0.880     0.470     0.460         1
17  0.045300   2.64953   0.27504            -0.180     1.180     2.910         1
18  0.045300   2.64953   0.27504            -1.310     0.060     2.110         1
19  0.045300   2.64953   0.27504            -0.570    -0.400     3.640         1
