mobley_3738859	3.450088	-0.4187	#systeme  DGsolv_calc  DGsolv_expt (kJ/mol)
17
#    charge    sigma(Ang)  epsilon(kJ/mol)  x         y         z        Zatomic
1 -0.092800   3.39967   1.91652            -1.110    -1.350     1.710         6
2 -0.079000   3.39967   1.91652            -0.480    -0.930     0.390         6
3 -0.081800   3.39967   1.91652             0.440     0.270     0.580         6
4 -0.081400   3.39967   1.91652             1.100     0.730    -0.720         6
5 -0.008600   3.39967   1.91652             2.020     1.930    -0.530         6
6 -0.180000   3.59923   7.35773             2.810     2.440    -2.240        40
7  0.034200   2.64953   0.27504            -1.770    -2.220     1.560         1
8  0.034200   2.64953   0.27504            -1.710    -0.540     2.130         1
9  0.034200   2.64953   0.27504            -0.350    -1.630     2.440         1
10  0.041100   2.64953   0.27504             0.090    -1.770    -0.020         1
11  0.041100   2.64953   0.27504            -1.280    -0.700    -0.320         1
12  0.041300   2.64953   0.27504            -0.120     1.110     1.020         1
13  0.041300   2.64953   0.27504             1.230     0.010     1.290         1
14  0.056100   2.64953   0.27504             1.680    -0.110    -1.130         1
15  0.056100   2.64953   0.27504             0.330     0.970    -1.470         1
16  0.072000   2.47135   0.27504             2.850     1.710     0.140         1
17  0.072000   2.47135   0.27504             1.480     2.820    -0.180         1
