mobley_8522124	3.483584	2.97277	#systeme  DGsolv_calc  DGsolv_expt (kJ/mol)
22
#    charge    sigma(Ang)  epsilon(kJ/mol)  x         y         z        Zatomic
1 -0.093800   3.39967   1.91652             1.820    -1.270     2.960         6
2 -0.079800   3.39967   1.91652             1.290    -1.470     1.550         6
3 -0.079000   3.39967   1.91652             0.550    -0.230     1.050         6
4 -0.079100   3.39967   1.91652             0.020    -0.430    -0.370         6
5 -0.072400   3.39967   1.91652            -0.720     0.810    -0.870         6
6 -0.005000   3.39967   1.91652            -1.250     0.610    -2.290         6
7 -0.133700   3.39967   3.67887            -1.960     1.800    -2.770         6
8 -0.166500   3.39967   3.67887            -2.540     2.770    -3.160         6
9  0.032300   2.64953   0.27504             2.350    -2.170     3.310         1
10  0.032300   2.64953   0.27504             0.990    -1.080     3.650         1
11  0.032300   2.64953   0.27504             2.510    -0.420     3.010         1
12  0.038300   2.64953   0.27504             2.130    -1.700     0.880         1
13  0.038300   2.64953   0.27504             0.620    -2.340     1.530         1
14  0.039900   2.64953   0.27504             1.220     0.630     1.070         1
15  0.039900   2.64953   0.27504            -0.290    -0.010     1.720         1
16  0.043800   2.64953   0.27504            -0.650    -1.300    -0.400         1
17  0.043800   2.64953   0.27504             0.860    -0.660    -1.040         1
18  0.044300   2.64953   0.27504            -1.550     1.030    -0.200         1
19  0.044300   2.64953   0.27504            -0.050     1.680    -0.840         1
20  0.058500   2.64953   0.27504            -1.920    -0.260    -2.320         1
21  0.058500   2.64953   0.27504            -0.410     0.380    -2.970         1
22  0.162800   2.59964   0.26278            -3.060     3.640    -3.500         1
