mobley_4694328	-10.76059	-9.58823	#systeme  DGsolv_calc  DGsolv_expt (kJ/mol)
25
#    charge    sigma(Ang)  epsilon(kJ/mol)  x         y         z        Zatomic
1 -0.091700   3.39967   1.91652             1.010    -3.840    -1.030         6
2 -0.079700   3.39967   1.91652             0.090    -2.650    -0.820         6
3 -0.078600   3.39967   1.91652             0.810    -1.510    -0.100         6
4 -0.077300   3.39967   1.91652            -0.120    -0.310     0.110         6
5 -0.077200   3.39967   1.91652             0.600     0.830     0.830         6
6 -0.075400   3.39967   1.91652            -0.280     2.060     1.060         6
7 -0.197700   3.39967   1.91652             0.440     3.200     1.780         6
8  0.562601   3.39967   1.50658            -0.450     4.400     2.000         6
9 -0.523801   2.95992   3.67887            -1.620     4.470     1.640         8
10  0.033000   2.64953   0.27504             0.490    -4.650    -1.550         1
11  0.033000   2.64953   0.27504             1.360    -4.220    -0.060         1
12  0.033000   2.64953   0.27504             1.890    -3.570    -1.620         1
13  0.038700   2.64953   0.27504            -0.780    -2.960    -0.250         1
14  0.038700   2.64953   0.27504            -0.270    -2.300    -1.800         1
15  0.037600   2.64953   0.27504             1.170    -1.860     0.870         1
16  0.037600   2.64953   0.27504             1.690    -1.200    -0.680         1
17  0.041500   2.64953   0.27504            -0.990    -0.620     0.690         1
18  0.041500   2.64953   0.27504            -0.480     0.040    -0.870         1
19  0.037600   2.64953   0.27504             1.500     1.120     0.270         1
20  0.037600   2.64953   0.27504             0.950     0.470     1.810         1
21  0.053800   2.64953   0.27504            -0.670     2.420     0.100         1
22  0.053800   2.64953   0.27504            -1.150     1.750     1.650         1
23  0.065800   2.64953   0.27504             0.790     2.860     2.770         1
24  0.065800   2.64953   0.27504             1.310     3.540     1.210         1
25 -0.010200   2.51055   0.26278             0.030     5.250     2.510         1
