mobley_2005792	-13.159741	-11.3049	#systeme  DGsolv_calc  DGsolv_expt (kJ/mol)
22
#    charge    sigma(Ang)  epsilon(kJ/mol)  x         y         z        Zatomic
1 -0.127800   3.39967   1.50658             1.890    -1.040    -0.110         6
2 -0.130500   3.39967   1.50658             2.920    -1.630     0.610         6
3 -0.119400   3.39967   1.50658             2.880    -1.650     2.000         6
4 -0.035500   3.39967   1.50658             1.800    -1.080     2.680         6
5 -0.119400   3.39967   1.50658             0.760    -0.480     1.960         6
6 -0.130500   3.39967   1.50658             0.810    -0.460     0.560         6
7 -0.035500   3.39967   1.50658             1.750    -1.100     4.120         6
8 -0.119400   3.39967   1.50658             2.940    -1.090     4.860         6
9 -0.130500   3.39967   1.50658             2.900    -1.110     6.250         6
10 -0.127600   3.39967   1.50658             1.670    -1.140     6.910         6
11 -0.130500   3.39967   1.50658             0.480    -1.160     6.180         6
12 -0.119400   3.39967   1.50658             0.530    -1.130     4.780         6
13  0.130900   2.59964   0.26278             1.920    -1.020    -1.200         1
14  0.131800   2.59964   0.26278             3.760    -2.080     0.080         1
15  0.134250   2.59964   0.26278             3.690    -2.120     2.550         1
16  0.134250   2.59964   0.26278            -0.080    -0.030     2.470         1
17  0.131800   2.59964   0.26278            -0.000    -0.000     0.000         1
18  0.134250   2.59964   0.26278             3.910    -1.060     4.360         1
19  0.131800   2.59964   0.26278             3.820    -1.100     6.820         1
20  0.130900   2.59964   0.26278             1.640    -1.160     8.000         1
21  0.131800   2.59964   0.26278            -0.470    -1.180     6.690         1
22  0.134250   2.59964   0.26278            -0.410    -1.150     4.220         1
