mobley_6812653	11.937137	10.38376	#systeme  DGsolv_calc  DGsolv_expt (kJ/mol)
20
#    charge    sigma(Ang)  epsilon(kJ/mol)  x         y         z        Zatomic
1 -0.092600   3.39967   1.91652            -0.750    -0.720    -0.340         6
2 -0.079500   3.39967   1.91652            -0.830    -0.720    -1.860         6
3 -0.078700   3.39967   1.91652            -1.870    -1.730    -2.360         6
4 -0.078700   3.39967   1.91652            -1.950    -1.730    -3.890         6
5 -0.079500   3.39967   1.91652            -3.000    -2.730    -4.390         6
6 -0.092600   3.39967   1.91652            -3.080    -2.730    -5.910         6
7  0.032400   2.64953   0.27504            -0.000    -0.000     0.010         1
8  0.032400   2.64953   0.27504            -0.470    -1.710     0.030         1
9  0.032400   2.64953   0.27504            -1.720    -0.460     0.110         1
10  0.038100   2.64953   0.27504             0.150    -0.970    -2.270         1
11  0.038100   2.64953   0.27504            -1.090     0.280    -2.200         1
12  0.038700   2.64953   0.27504            -2.860    -1.480    -1.940         1
13  0.038700   2.64953   0.27504            -1.620    -2.730    -2.000         1
14  0.038700   2.64953   0.27504            -0.970    -1.980    -4.300         1
15  0.038700   2.64953   0.27504            -2.210    -0.720    -4.240         1
16  0.038100   2.64953   0.27504            -2.740    -3.730    -4.040         1
17  0.038100   2.64953   0.27504            -3.980    -2.480    -3.970         1
18  0.032400   2.64953   0.27504            -3.830    -3.450    -6.260         1
19  0.032400   2.64953   0.27504            -3.350    -1.740    -6.290         1
20  0.032400   2.64953   0.27504            -2.110    -3.000    -6.340         1
