mobley_4639255	-30.422742	-38.9391	#systeme  DGsolv_calc  DGsolv_expt (kJ/mol)
10
#    charge    sigma(Ang)  epsilon(kJ/mol)  x         y         z        Zatomic
1  0.127000   3.39967   1.91652            -2.150    -0.190    -0.120         6
2  0.127000   3.39967   1.91652            -0.890     0.450     0.440         6
3 -0.595501   3.06647   3.68587            -0.810     1.790    -0.030         8
4 -0.595501   3.06647   3.68587            -3.280     0.540     0.320         8
5  0.033200   2.47135   0.27504            -2.250    -1.230     0.230         1
6  0.033200   2.47135   0.27504            -2.130    -0.180    -1.210         1
7  0.033200   2.47135   0.27504             0.010    -0.080     0.110         1
8  0.033200   2.47135   0.27504            -0.930     0.470     1.530         1
9  0.402100   0.00000   0.00000            -0.000     2.170     0.350         1
10  0.402100   0.00000   0.00000            -4.060     0.100    -0.060         1
