mobley_755351	-30.150587	-30.52323	#systeme  DGsolv_calc  DGsolv_expt (kJ/mol)
18
#    charge    sigma(Ang)  epsilon(kJ/mol)  x         y         z        Zatomic
1  0.111600   3.39967   1.91652             3.060    -1.620    -2.090         6
2 -0.326100   3.00001   2.97813             1.930    -1.020    -1.470         8
3  0.156800   3.39967   1.50658             1.890    -1.040    -0.110         6
4 -0.247300   3.39967   1.50658             2.920    -1.630     0.610         6
5 -0.061200   3.39967   1.50658             2.880    -1.650     2.000         6
6 -0.222900   3.39967   1.50658             1.800    -1.080     2.680         6
7  0.170100   3.39967   1.50658             0.760    -0.480     1.960         6
8 -0.221700   3.39967   1.50658             0.810    -0.460     0.560         6
9 -0.821401   3.25000   2.97813            -0.330     0.100     2.640         7
10  0.044200   2.47135   0.27504             2.970    -1.540    -3.170         1
11  0.044200   2.47135   0.27504             3.120    -2.670    -1.790         1
12  0.044200   2.47135   0.27504             3.960    -1.100    -1.760         1
13  0.136500   2.59964   0.26278             3.760    -2.080     0.090         1
14  0.129400   2.59964   0.26278             3.690    -2.120     2.560         1
15  0.132200   2.59964   0.26278             1.780    -1.100     3.760         1
16  0.148200   2.59964   0.26278             0.000    -0.000    -0.010         1
17  0.391600   1.06908   0.27504            -0.370     0.030     3.630         1
18  0.391600   1.06908   0.27504            -1.080     0.480     2.110         1
