mobley_6232400	-31.088475	-29.7277	#systeme  DGsolv_calc  DGsolv_expt (kJ/mol)
13
#    charge    sigma(Ang)  epsilon(kJ/mol)  x         y         z        Zatomic
1 -0.259400   3.39967   1.50658             1.650    -0.620     2.900         6
2 -0.037600   3.39967   1.50658             1.390    -0.070     1.650         6
3 -0.315800   3.39967   1.50658             0.230    -0.420     0.970         6
4  0.438500   3.39967   1.50658            -0.630    -1.320     1.580         6
5 -0.673701   3.25000   2.97813            -0.410    -1.880     2.790         7
6  0.422500   3.39967   1.50658             0.730    -1.520     3.420         6
7  0.582401   3.39967   1.50658            -0.080     0.140    -0.330         6
8 -0.523901   2.95992   3.67887             0.660     0.950    -0.910         8
9  0.151400   2.59964   0.26278             2.550    -0.360     3.450         1
10  0.160000   2.59964   0.26278             2.090     0.640     1.220         1
11  0.025200   2.51055   0.26278            -1.550    -1.630     1.100         1
12  0.027000   2.51055   0.26278             0.890    -1.980     4.390         1
13  0.003400   2.51055   0.26278            -1.020    -0.180    -0.820         1
