mobley_5063386	-23.727729	-19.17646	#systeme  DGsolv_calc  DGsolv_expt (kJ/mol)
15
#    charge    sigma(Ang)  epsilon(kJ/mol)  x         y         z        Zatomic
1 -0.161500   3.39967   1.50658             1.890    -1.040    -0.110         6
2 -0.064000   3.39967   1.50658             2.920    -1.630     0.610         6
3 -0.210700   3.39967   1.50658             2.880    -1.650     2.000         6
4  0.175600   3.39967   1.50658             1.800    -1.080     2.680         6
5 -0.184800   3.39967   1.50658             0.760    -0.480     1.960         6
6 -0.052800   3.39967   1.50658             0.810    -0.460     0.560         6
7  0.322300   3.25000   2.97813            -0.340     0.110     2.630         7
8 -0.191600   2.95992   3.67887            -0.290     1.320     2.940         8
9 -0.191600   2.95992   3.67887            -1.350    -0.600     2.880         8
10 -0.478600   3.06647   3.68587             1.780    -1.110     4.040         8
11  0.150000   2.59964   0.26278             1.920    -1.020    -1.200         1
12  0.144500   2.59964   0.26278             3.760    -2.080     0.080         1
13  0.148000   2.59964   0.26278             3.690    -2.120     2.560         1
14  0.159900   2.59964   0.26278             0.010    -0.000    -0.010         1
15  0.435300   0.00000   0.00000             2.570    -1.560     4.370         1
