mobley_7735340	-33.378764	-40.32081	#systeme  DGsolv_calc  DGsolv_expt (kJ/mol)
9
#    charge    sigma(Ang)  epsilon(kJ/mol)  x         y         z        Zatomic
1 -0.262100   3.39967   1.50658             0.660    -0.780    -0.360         6
2  0.290700   3.39967   1.50658             1.950    -0.770    -0.830         6
3 -0.665001   3.25000   2.97813             2.350    -2.040    -1.180         7
4  0.380800   3.39967   1.50658             1.310    -2.800    -0.940         6
5 -0.320800   3.25000   2.97813             0.260    -2.080    -0.440         7
6  0.176900   2.51055   0.26278             0.000    -0.000     0.000         1
7  0.041400   2.51055   0.26278             2.610     0.070    -0.920         1
8  0.059700   2.42146   0.26278             1.260    -3.870    -1.100         1
9  0.298400   1.06908   0.27504            -0.640    -2.450    -0.180         1
