mobley_6235784	3.881349	0.0	#systeme  DGsolv_calc  DGsolv_expt (kJ/mol)
14
#    charge    sigma(Ang)  epsilon(kJ/mol)  x         y         z        Zatomic
1 -0.095900   3.39967   1.91652             0.730     0.210     1.800         6
2 -0.086300   3.39967   1.91652             0.490     0.490     0.320         6
3  0.064000   3.39967   1.91652            -0.480    -0.490    -0.340         6
4  0.069100   2.47135   0.27504            -0.090    -1.510    -0.270         1
5 -0.105000   3.39967   1.91652            -0.700    -0.150    -1.810         6
6 -0.211700   3.47094   4.64238            -2.070    -0.480     0.490        18
7  0.040600   2.64953   0.27504             1.430     0.940     2.210         1
8  0.040600   2.64953   0.27504             1.160    -0.790     1.960         1
9  0.040600   2.64953   0.27504            -0.200     0.280     2.360         1
10  0.050300   2.64953   0.27504             1.460     0.490    -0.210         1
11  0.050300   2.64953   0.27504             0.090     1.510     0.230         1
12  0.047800   2.64953   0.27504            -1.390    -0.850    -2.280         1
13  0.047800   2.64953   0.27504            -1.120     0.860    -1.910         1
14  0.047800   2.64953   0.27504             0.240    -0.170    -2.370         1
