mobley_9942801	-2.407525	-3.97765	#systeme  DGsolv_calc  DGsolv_expt (kJ/mol)
21
#    charge    sigma(Ang)  epsilon(kJ/mol)  x         y         z        Zatomic
1 -0.088900   3.39967   1.91652             1.270    -2.240    -2.210         6
2 -0.038000   3.39967   1.91652             1.930    -1.010    -1.600         6
3 -0.081500   3.39967   1.50658             1.890    -1.040    -0.110         6
4 -0.124200   3.39967   1.50658             2.920    -1.630     0.610         6
5 -0.128700   3.39967   1.50658             2.880    -1.650     2.000         6
6 -0.080700   3.39967   1.50658             1.800    -1.080     2.680         6
7 -0.128700   3.39967   1.50658             0.760    -0.480     1.960         6
8 -0.124200   3.39967   1.50658             0.810    -0.460     0.560         6
9 -0.053100   3.39967   1.91652             1.750    -1.100     4.170         6
10  0.035800   2.64953   0.27504             1.310    -2.210    -3.300         1
11  0.035800   2.64953   0.27504             0.220    -2.290    -1.910         1
12  0.035800   2.64953   0.27504             1.760    -3.160    -1.880         1
13  0.045300   2.64953   0.27504             1.440    -0.110    -1.970         1
14  0.045300   2.64953   0.27504             2.970    -0.950    -1.940         1
15  0.130200   2.59964   0.26278             3.770    -2.080     0.090         1
16  0.130000   2.59964   0.26278             3.690    -2.120     2.560         1
17  0.130000   2.59964   0.26278            -0.080    -0.040     2.470         1
18  0.130200   2.59964   0.26278            -0.010     0.000     0.010         1
19  0.043200   2.64953   0.27504             2.240    -0.210     4.580         1
20  0.043200   2.64953   0.27504             0.720    -1.140     4.530         1
21  0.043200   2.64953   0.27504             2.260    -1.990     4.570         1
