mobley_1571523	-21.554676	-25.79192	#systeme  DGsolv_calc  DGsolv_expt (kJ/mol)
19
#    charge    sigma(Ang)  epsilon(kJ/mol)  x         y         z        Zatomic
1 -0.055500   3.39967   1.91652             1.960    -1.030    -1.600         6
2 -0.045900   3.39967   1.50658             1.890    -1.040    -0.110         6
3 -0.161900   3.39967   1.50658             2.920    -1.630     0.610         6
4 -0.093700   3.39967   1.50658             2.880    -1.650     2.000         6
5 -0.214600   3.39967   1.50658             1.800    -1.080     2.680         6
6  0.121800   3.39967   1.50658             0.760    -0.480     1.960         6
7 -0.098500   3.39967   1.50658             0.810    -0.460     0.560         6
8 -0.045800   3.39967   1.91652            -0.310     0.170    -0.210         6
9 -0.500301   3.06647   3.68587            -0.280     0.070     2.630         8
10  0.046200   2.64953   0.27504             2.470    -0.130    -1.950         1
11  0.046200   2.64953   0.27504             2.490    -1.910    -1.980         1
12  0.046200   2.64953   0.27504             0.950    -1.050    -2.040         1
13  0.132300   2.59964   0.26278             3.770    -2.080     0.090         1
14  0.131500   2.59964   0.26278             3.690    -2.110     2.560         1
15  0.131700   2.59964   0.26278             1.770    -1.100     3.760         1
16  0.047700   2.64953   0.27504            -0.090     1.240    -0.370         1
17  0.047700   2.64953   0.27504            -0.450    -0.310    -1.180         1
18  0.047700   2.64953   0.27504            -1.260     0.090     0.330         1
19  0.417200   0.00000   0.00000            -0.150    -0.030     3.590         1
