mobley_8772587	-0.933701	-1.04675	#systeme  DGsolv_calc  DGsolv_expt (kJ/mol)
14
#    charge    sigma(Ang)  epsilon(kJ/mol)  x         y         z        Zatomic
1 -0.092300   3.39967   1.91652            -0.030     0.430     1.010         6
2 -0.080700   3.39967   1.91652             0.790    -0.420     1.970         6
3 -0.076600   3.39967   1.91652             0.770     0.160     3.380         6
4  0.070400   3.39967   1.91652             1.600    -0.700     4.340         6
5 -0.255000   3.83086   8.75920             1.560     0.120     6.310        63
6  0.035600   2.64953   0.27504            -0.010     0.010    -0.000         1
7  0.035600   2.64953   0.27504            -1.070     0.470     1.340         1
8  0.035600   2.64953   0.27504             0.350     1.450     0.960         1
9  0.039900   2.64953   0.27504             1.820    -0.480     1.600         1
10  0.039900   2.64953   0.27504             0.390    -1.440     1.970         1
11  0.052800   2.64953   0.27504             1.160     1.180     3.360         1
12  0.052800   2.64953   0.27504            -0.270     0.220     3.730         1
13  0.071000   2.47135   0.27504             2.640    -0.760     3.990         1
14  0.071000   2.47135   0.27504             1.200    -1.730     4.360         1
