mobley_7610437	-10.115792	-16.24556	#systeme  DGsolv_calc  DGsolv_expt (kJ/mol)
21
#    charge    sigma(Ang)  epsilon(kJ/mol)  x         y         z        Zatomic
1 -0.091000   3.39967   1.91652             3.280     0.130    -0.430         6
2 -0.112400   3.39967   1.91652             1.980     0.890    -0.170         6
3  0.139700   3.39967   1.91652             2.010     1.650     1.160         6
4  0.076800   2.47135   0.27504             2.160     0.950     1.990         1
5 -0.098000   3.39967   1.91652             0.700     2.430     1.420         6
6 -0.089000   3.39967   1.91652            -0.540     1.530     1.490         6
7 -0.089000   3.39967   1.91652             0.800     3.240     2.730         6
8 -0.595401   3.06647   3.68587             3.100     2.570     1.170         8
9  0.037500   2.64953   0.27504             3.220    -0.400    -1.390         1
10  0.037500   2.64953   0.27504             3.470    -0.610     0.350         1
11  0.037500   2.64953   0.27504             4.130     0.810    -0.480         1
12  0.043300   2.64953   0.27504             1.810     1.590    -1.000         1
13  0.043300   2.64953   0.27504             1.170     0.160    -0.170         1
14  0.043500   2.64953   0.27504             0.550     3.150     0.600         1
15  0.036900   2.64953   0.27504            -1.450     2.120     1.670         1
16  0.036900   2.64953   0.27504            -0.680     0.970     0.560         1
17  0.036900   2.64953   0.27504            -0.450     0.810     2.300         1
18  0.036900   2.64953   0.27504            -0.130     3.790     2.910         1
19  0.036900   2.64953   0.27504             1.610     3.970     2.670         1
20  0.036900   2.64953   0.27504             0.980     2.590     3.590         1
21  0.394300   0.00000   0.00000             2.960     3.170     0.430         1
