mobley_6250025	0.180041	0.33496	#systeme  DGsolv_calc  DGsolv_expt (kJ/mol)
20
#    charge    sigma(Ang)  epsilon(kJ/mol)  x         y         z        Zatomic
1 -0.092400   3.39967   1.91652             0.180     1.630    -2.750         6
2 -0.080000   3.39967   1.91652            -0.530     1.160    -1.490         6
3 -0.079800   3.39967   1.91652             0.350     0.220    -0.670         6
4 -0.079000   3.39967   1.91652            -0.360    -0.240     0.610         6
5 -0.076700   3.39967   1.91652             0.530    -1.190     1.430         6
6  0.069100   3.39967   1.91652            -0.140    -1.680     2.710         6
7 -0.254400   3.83086   8.75920             1.120    -2.990     3.840        63
8  0.033800   2.64953   0.27504            -0.460     2.300    -3.330         1
9  0.033800   2.64953   0.27504             0.430     0.770    -3.380         1
10  0.033800   2.64953   0.27504             1.110     2.150    -2.510         1
11  0.038400   2.64953   0.27504            -0.800     2.040    -0.880         1
12  0.038400   2.64953   0.27504            -1.460     0.660    -1.760         1
13  0.040900   2.64953   0.27504             1.290     0.730    -0.400         1
14  0.040900   2.64953   0.27504             0.620    -0.650    -1.270         1
15  0.042000   2.64953   0.27504            -1.290    -0.760     0.340         1
16  0.042000   2.64953   0.27504            -0.640     0.640     1.200         1
17  0.053400   2.64953   0.27504             1.490    -0.700     1.650         1
18  0.053400   2.64953   0.27504             0.750    -2.060     0.810         1
19  0.071200   2.47135   0.27504            -0.450    -0.830     3.330         1
20  0.071200   2.47135   0.27504            -1.050    -2.230     2.450         1
