mobley_5220185	-24.322283	-22.81915	#systeme  DGsolv_calc  DGsolv_expt (kJ/mol)
16
#    charge    sigma(Ang)  epsilon(kJ/mol)  x         y         z        Zatomic
1 -0.090700   3.39967   1.91652             0.790     0.990     1.160         6
2 -0.129900   3.39967   1.91652             0.090     0.390    -0.060         6
3  0.300200   3.39967   1.50658            -0.320    -1.020     0.180         6
4  0.281700   3.39967   1.50658            -1.560    -1.310     0.720         6
5 -0.626401   3.25000   2.97813            -1.960    -2.570     0.950         7
6  0.272400   3.39967   1.50658            -1.080    -3.540     0.620         6
7  0.286300   3.39967   1.50658             0.160    -3.250     0.080         6
8 -0.633401   3.25000   2.97813             0.560    -1.990    -0.140         7
9  0.040800   2.64953   0.27504             1.090     2.030     0.970         1
10  0.040800   2.64953   0.27504             1.690     0.420     1.390         1
11  0.040800   2.64953   0.27504             0.140     0.980     2.040         1
12  0.058800   2.64953   0.27504             0.750     0.450    -0.930         1
13  0.058800   2.64953   0.27504            -0.790     1.000    -0.300         1
14  0.033600   2.51055   0.26278            -2.270    -0.540     0.980         1
15  0.032800   2.51055   0.26278            -1.400    -4.560     0.800         1
16  0.033400   2.51055   0.26278             0.870    -4.030    -0.180         1
