mobley_820789	-39.500158	-26.58745	#systeme  DGsolv_calc  DGsolv_expt (kJ/mol)
14
#    charge    sigma(Ang)  epsilon(kJ/mol)  x         y         z        Zatomic
1 -0.107200   3.39967   1.91652             0.610    -0.730     0.550         6
2 -0.090700   3.39967   1.91652            -0.190    -1.370     1.670         6
3 -0.168900   3.39967   1.91652            -0.750    -0.340     2.650         6
4  0.621001   3.39967   1.50658            -1.540    -1.000     3.760         6
5 -0.491100   2.95992   3.67887            -1.700    -2.210     3.860         8
6 -0.587201   3.06647   3.68587            -2.030    -0.110     4.660         8
7  0.045600   2.64953   0.27504             1.000    -1.480    -0.140         1
8  0.045600   2.64953   0.27504             1.450    -0.150     0.940         1
9  0.045600   2.64953   0.27504            -0.030    -0.050    -0.030         1
10  0.045600   2.64953   0.27504            -1.020    -1.930     1.240         1
11  0.045600   2.64953   0.27504             0.450    -2.090     2.200         1
12  0.085600   2.64953   0.27504             0.040     0.290     3.070         1
13  0.085600   2.64953   0.27504            -1.440     0.330     2.130         1
14  0.424900   0.00000   0.00000            -1.830     0.830     4.470         1
