mobley_8713762	-19.130403	-17.29231	#systeme  DGsolv_calc  DGsolv_expt (kJ/mol)
34
#    charge    sigma(Ang)  epsilon(kJ/mol)  x         y         z        Zatomic
1 -0.094900   3.39967   1.91652             0.560    -0.470    -1.750         6
2 -0.096200   3.39967   1.91652             0.400    -0.240    -0.250         6
3  0.093800   3.39967   1.91652            -0.980    -0.660     0.260         6
4 -0.469100   3.25000   2.97813            -1.130    -0.430     1.700         7
5  0.093800   3.39967   1.91652            -1.650     0.840     2.200         6
6 -0.096200   3.39967   1.91652            -3.160     0.810     2.330         6
7 -0.094900   3.39967   1.91652            -3.730     2.130     2.850         6
8  0.695101   3.39967   1.50658            -0.780    -1.430     2.620         6
9 -0.599501   2.95992   3.67887            -0.890    -1.310     3.840         8
10 -0.284200   3.56359   4.37960            -0.140    -2.930     1.940        16
11  0.006600   3.39967   1.91652             0.160    -3.890     3.440         6
12 -0.074700   3.39967   1.91652             0.730    -5.260     3.110         6
13 -0.090800   3.39967   1.91652             0.990    -6.080     4.370         6
14  0.038000   2.64953   0.27504             1.560    -0.160    -2.080         1
15  0.038000   2.64953   0.27504             0.450    -1.530    -1.980         1
16  0.038000   2.64953   0.27504            -0.180     0.080    -2.320         1
17  0.044800   2.64953   0.27504             0.540     0.830    -0.050         1
18  0.044800   2.64953   0.27504             1.180    -0.780     0.290         1
19  0.057000   2.47135   0.27504            -1.760    -0.080    -0.240         1
20  0.057000   2.47135   0.27504            -1.170    -1.720     0.070         1
21  0.057000   2.47135   0.27504            -1.330     1.590     1.480         1
22  0.057000   2.47135   0.27504            -1.150     1.030     3.150         1
23  0.044800   2.64953   0.27504            -3.580     0.610     1.340         1
24  0.044800   2.64953   0.27504            -3.470    -0.000     2.990         1
25  0.038000   2.64953   0.27504            -4.820     2.070     2.930         1
26  0.038000   2.64953   0.27504            -3.330     2.350     3.840         1
27  0.038000   2.64953   0.27504            -3.480     2.960     2.190         1
28  0.079100   2.47135   0.27504            -0.790    -4.000     3.990         1
29  0.079100   2.47135   0.27504             0.850    -3.330     4.090         1
30  0.052200   2.64953   0.27504             0.040    -5.820     2.460         1
31  0.052200   2.64953   0.27504             1.680    -5.160     2.560         1
32  0.037800   2.64953   0.27504             1.400    -7.070     4.120         1
33  0.037800   2.64953   0.27504             1.710    -5.570     5.010         1
34  0.037800   2.64953   0.27504             0.060    -6.230     4.930         1
