mobley_4188615	-33.969131	-38.89723	#systeme  DGsolv_calc  DGsolv_expt (kJ/mol)
22
#    charge    sigma(Ang)  epsilon(kJ/mol)  x         y         z        Zatomic
1  0.083000   3.39967   1.91652             0.950    -0.050    -0.210         6
2 -0.483000   3.25000   2.97813             1.390     0.630    -1.420         7
3  0.083000   3.39967   1.91652             0.790     0.150    -2.670         6
4  0.671501   3.39967   1.50658             2.320     1.670    -1.320         6
5 -0.591201   2.95992   3.67887             2.830     2.070    -0.280         8
6 -0.127800   3.39967   1.50658             2.770     2.330    -2.560         6
7 -0.100200   3.39967   1.50658             3.880     1.840    -3.250         6
8 -0.132100   3.39967   1.50658             4.300     2.460    -4.430         6
9 -0.117800   3.39967   1.50658             3.610     3.580    -4.910         6
10 -0.132100   3.39967   1.50658             2.500     4.070    -4.220         6
11 -0.100200   3.39967   1.50658             2.080     3.440    -3.040         6
12  0.042600   2.47135   0.27504             1.590    -0.900    -0.000         1
13  0.042600   2.47135   0.27504            -0.080    -0.410    -0.330         1
14  0.042600   2.47135   0.27504             0.980     0.640     0.640         1
15  0.042600   2.47135   0.27504            -0.110     0.720    -2.860         1
16  0.042600   2.47135   0.27504             0.560    -0.900    -2.570         1
17  0.042600   2.47135   0.27504             1.500     0.300    -3.480         1
18  0.142000   2.59964   0.26278             4.420     0.970    -2.890         1
19  0.136500   2.59964   0.26278             5.160     2.080    -4.970         1
20  0.134300   2.59964   0.26278             3.940     4.070    -5.820         1
21  0.136500   2.59964   0.26278             1.970     4.930    -4.590         1
22  0.142000   2.59964   0.26278             1.210     3.830    -2.510         1
