mobley_9626434	-18.452109	-28.01103	#systeme  DGsolv_calc  DGsolv_expt (kJ/mol)
16
#    charge    sigma(Ang)  epsilon(kJ/mol)  x         y         z        Zatomic
1 -0.095900   3.39967   1.91652            -2.040     0.080     3.920         6
2  0.129300   3.39967   1.91652            -2.150     0.320     2.420         6
3 -0.417000   3.00001   2.97813            -0.850     0.240     1.850         8
4  0.122700   3.39967   1.91652            -0.890     0.450     0.440         6
5  0.131100   3.39967   1.91652             0.510     0.350    -0.120         6
6 -0.596201   3.06647   3.68587             1.330     1.340     0.500         8
7  0.044900   2.64953   0.27504            -3.020     0.140     4.390         1
8  0.044900   2.64953   0.27504            -1.600    -0.900     4.120         1
9  0.044900   2.64953   0.27504            -1.380     0.820     4.380         1
10  0.022100   2.47135   0.27504            -2.560     1.310     2.220         1
11  0.022100   2.47135   0.27504            -2.790    -0.440     1.960         1
12  0.036900   2.47135   0.27504            -1.550    -0.310    -0.000         1
13  0.036900   2.47135   0.27504            -1.310     1.450     0.260         1
14  0.035900   2.47135   0.27504             0.520     0.530    -1.200         1
15  0.035900   2.47135   0.27504             0.940    -0.630     0.100         1
16  0.401500   0.00000   0.00000             2.220     1.250     0.120         1
