mobley_7326706	-40.299875	-21.10248	#systeme  DGsolv_calc  DGsolv_expt (kJ/mol)
29
#    charge    sigma(Ang)  epsilon(kJ/mol)  x         y         z        Zatomic
1 -0.116600   3.39967   1.91652             2.690    -0.150    -0.310         6
2  0.150800   3.39967   1.91652             1.800    -1.130    -1.030         6
3 -0.518001   3.00001   2.97813             0.870    -0.410    -1.830         8
4  1.237301   3.74177   3.50368            -0.230    -1.210    -2.720        15
5 -0.604101   3.56359   4.37960            -1.450    -2.370    -1.740        16
6 -0.518001   3.00001   2.97813             0.740    -1.910    -3.830         8
7  0.150800   3.39967   1.91652             0.190    -2.370    -5.060         6
8 -0.116600   3.39967   1.91652             1.290    -2.970    -5.900         6
9 -0.556301   3.00001   2.97813            -0.880     0.000    -3.570         8
10  0.653601   3.39967   1.50658            -1.530     1.100    -3.060         6
11 -0.082100   3.39967   1.50658            -2.050     2.060    -3.910         6
12 -0.067500   3.39967   1.50658            -2.700     3.150    -3.340         6
13 -0.092700   3.39967   1.50658            -2.810     3.240    -1.950         6
14  0.512601   3.39967   1.50658            -2.260     2.220    -1.190         6
15 -0.649201   3.25000   2.97813            -1.620     1.150    -1.710         7
16 -0.102200   3.47094   4.64238            -2.320     2.200     0.530        18
17 -0.027700   3.47094   4.64238            -3.610     4.600    -1.270        18
18 -0.030500   3.47094   4.64238            -1.910     1.940    -5.620        18
19  0.055800   2.64953   0.27504             3.430    -0.680     0.310         1
20  0.055800   2.64953   0.27504             3.230     0.490    -1.020         1
21  0.055800   2.64953   0.27504             2.100     0.520     0.330         1
22  0.065700   2.47135   0.27504             1.250    -1.750    -0.320         1
23  0.065700   2.47135   0.27504             2.390    -1.780    -1.690         1
24  0.065700   2.47135   0.27504            -0.590    -3.110    -4.850         1
25  0.065700   2.47135   0.27504            -0.270    -1.520    -5.580         1
26  0.055800   2.64953   0.27504             0.900    -3.330    -6.860         1
27  0.055800   2.64953   0.27504             2.080    -2.240    -6.100         1
28  0.055800   2.64953   0.27504             1.760    -3.810    -5.370         1
29  0.178800   2.59964   0.26278            -3.110     3.930    -3.970         1
