mobley_8785107	-7.482169	-12.22604	#systeme  DGsolv_calc  DGsolv_expt (kJ/mol)
19
#    charge    sigma(Ang)  epsilon(kJ/mol)  x         y         z        Zatomic
1 -0.098000   3.39967   1.91652             2.340    -0.560    -0.630         6
2  0.136800   3.39967   1.91652             1.170     0.130     0.030         6
3  0.042800   2.47135   0.27504             1.510     0.650     0.940         1
4 -0.107500   3.39967   1.91652             0.440     1.100    -0.890         6
5 -0.107500   3.39967   1.91652            -0.950     1.100    -0.290         6
6  0.136800   3.39967   1.91652            -1.120    -0.360     0.090         6
7  0.042800   2.47135   0.27504            -1.440    -0.940    -0.780         1
8 -0.423100   3.00001   2.97813             0.190    -0.840     0.450         8
9 -0.097900   3.39967   1.91652            -2.080    -0.580     1.240         6
10  0.043400   2.64953   0.27504             2.020    -1.080    -1.540         1
11  0.043400   2.64953   0.27504             3.110     0.170    -0.910         1
12  0.043400   2.64953   0.27504             2.790    -1.290     0.050         1
13  0.053600   2.64953   0.27504             0.900     2.090    -0.910         1
14  0.053600   2.64953   0.27504             0.400     0.720    -1.910         1
15  0.053600   2.64953   0.27504            -0.960     1.740     0.600         1
16  0.053600   2.64953   0.27504            -1.720     1.460    -0.980         1
17  0.043400   2.64953   0.27504            -2.160    -1.650     1.470         1
18  0.043400   2.64953   0.27504            -3.070    -0.200     0.990         1
19  0.043400   2.64953   0.27504            -1.720    -0.060     2.130         1
