mobley_7099614	3.952528	-2.38659	#systeme  DGsolv_calc  DGsolv_expt (kJ/mol)
9
#    charge    sigma(Ang)  epsilon(kJ/mol)  x         y         z        Zatomic
1 -0.196000   3.39967   1.50658            -0.350     1.320     0.410         6
2 -0.182700   3.39967   1.50658            -0.360    -0.020     0.430         6
3  0.068200   3.39967   1.91652             0.320    -0.870    -0.590         6
4 -0.193400   3.47094   4.64238             1.540    -1.900     0.190        18
5  0.116200   2.59964   0.26278            -0.870     1.880     1.170         1
6  0.116200   2.59964   0.26278             0.170     1.870    -0.360         1
7  0.133700   2.59964   0.26278            -0.910    -0.520     1.220         1
8  0.068900   2.47135   0.27504            -0.400    -1.520    -1.090         1
9  0.068900   2.47135   0.27504             0.830    -0.270    -1.360         1
