mobley_337666	-68.545377	-70.84404	#systeme  DGsolv_calc  DGsolv_expt (kJ/mol)
12
#    charge    sigma(Ang)  epsilon(kJ/mol)  x         y         z        Zatomic
1 -0.002100   3.39967   1.50658             0.660     1.380    -0.040         6
2 -0.026700   3.39967   1.50658            -0.200     0.920     0.860         6
3  0.700901   3.39967   1.50658            -0.740    -0.450     0.750         6
4 -0.576401   2.95992   3.67887            -1.540    -0.890     1.570         8
5 -0.582101   3.25000   2.97813            -0.270    -1.160    -0.350         7
6  0.803701   3.39967   1.50658             0.630    -0.690    -1.310         6
7 -0.626601   2.95992   3.67887             1.010    -1.370    -2.270         8
8 -0.460600   3.25000   2.97813             1.070     0.610    -1.100         7
9 -0.129000   3.11815   1.06862            -0.620     1.650     1.910        10
10  0.176800   2.51055   0.26278             1.080     2.380     0.010         1
11  0.359800   1.06908   0.27504            -0.620    -2.110    -0.480         1
12  0.362300   1.06908   0.27504             1.730     1.020    -1.760         1
