mobley_6688723	-25.03826	-26.96428	#systeme  DGsolv_calc  DGsolv_expt (kJ/mol)
21
#    charge    sigma(Ang)  epsilon(kJ/mol)  x         y         z        Zatomic
1  0.111600   3.39967   1.91652             1.310    -2.110    -2.150         6
2 -0.326200   3.00001   2.97813             1.910    -1.010    -1.480         8
3  0.044500   3.39967   1.50658             1.890    -1.040    -0.110         6
4  0.038300   3.39967   1.50658             2.920    -1.630     0.610         6
5 -0.144500   3.39967   1.50658             2.880    -1.650     2.000         6
6  0.038300   3.39967   1.50658             1.800    -1.080     2.680         6
7  0.044500   3.39967   1.50658             0.760    -0.480     1.960         6
8  0.122500   3.39967   1.50658             0.810    -0.460     0.560         6
9 -0.476000   3.06647   3.68587            -0.210     0.120    -0.140         8
10 -0.326200   3.00001   2.97813            -0.300     0.080     2.600         8
11  0.111600   3.39967   1.91652            -1.410    -0.760     2.870         6
12 -0.061300   3.47094   4.64238             1.770    -1.120     4.400        18
13 -0.061300   3.47094   4.64238             4.270    -2.350    -0.200        18
14  0.046500   2.47135   0.27504             1.400    -1.970    -3.230         1
15  0.046500   2.47135   0.27504             0.260    -2.180    -1.870         1
16  0.046500   2.47135   0.27504             1.830    -3.030    -1.860         1
17  0.166700   2.59964   0.26278             3.690    -2.120     2.560         1
18  0.438500   0.00000   0.00000            -0.030     0.050    -1.100         1
19  0.046500   2.47135   0.27504            -2.180    -0.190     3.380         1
20  0.046500   2.47135   0.27504            -1.090    -1.600     3.490         1
21  0.046500   2.47135   0.27504            -1.800    -1.140     1.920         1
