mobley_4035953	-21.253212	-24.7033	#systeme  DGsolv_calc  DGsolv_expt (kJ/mol)
16
#    charge    sigma(Ang)  epsilon(kJ/mol)  x         y         z        Zatomic
1 -0.045100   3.39967   1.91652             1.950    -1.020    -1.600         6
2 -0.099600   3.39967   1.50658             1.890    -1.040    -0.110         6
3 -0.101900   3.39967   1.50658             2.920    -1.630     0.610         6
4 -0.160600   3.39967   1.50658             2.880    -1.650     2.000         6
5 -0.096800   3.39967   1.50658             1.800    -1.080     2.680         6
6 -0.209400   3.39967   1.50658             0.760    -0.480     1.960         6
7  0.122100   3.39967   1.50658             0.810    -0.460     0.560         6
8 -0.498800   3.06647   3.68587            -0.210     0.120    -0.130         8
9  0.047300   2.64953   0.27504             2.460    -0.120    -1.950         1
10  0.047300   2.64953   0.27504             2.480    -1.900    -1.980         1
11  0.047300   2.64953   0.27504             0.940    -1.050    -2.040         1
12  0.133900   2.59964   0.26278             3.770    -2.080     0.090         1
13  0.132800   2.59964   0.26278             3.690    -2.110     2.560         1
14  0.131600   2.59964   0.26278             1.770    -1.090     3.760         1
15  0.131800   2.59964   0.26278            -0.070    -0.040     2.490         1
16  0.418100   0.00000   0.00000            -0.880     0.470     0.490         1
