mobley_3060426	12.43539	12.26791	#systeme  DGsolv_calc  DGsolv_expt (kJ/mol)
29
#    charge    sigma(Ang)  epsilon(kJ/mol)  x         y         z        Zatomic
1 -0.090050   3.39967   1.91652            -0.850    -1.820     2.110         6
2 -0.067000   3.39967   1.91652            -0.980    -1.900     0.590         6
3 -0.090050   3.39967   1.91652            -0.670    -3.330     0.120         6
4 -0.076400   3.39967   1.91652            -0.060    -0.900    -0.140         6
5 -0.067900   3.39967   1.91652            -0.340     0.560     0.220         6
6 -0.055200   3.39967   1.91652             0.550     1.620    -0.480         6
7 -0.086200   3.39967   1.91652             0.350     1.480    -2.010         6
8 -0.086200   3.39967   1.91652             0.160     3.040    -0.070         6
9 -0.086200   3.39967   1.91652             2.040     1.380    -0.170         6
10  0.033000   2.64953   0.27504            -1.070    -0.810     2.470         1
11  0.033000   2.64953   0.27504             0.160    -2.090     2.440         1
12  0.033000   2.64953   0.27504            -1.560    -2.490     2.600         1
13  0.045000   2.64953   0.27504            -2.020    -1.680     0.320         1
14  0.033000   2.64953   0.27504            -0.750    -3.420    -0.960         1
15  0.033000   2.64953   0.27504             0.350    -3.620     0.410         1
16  0.033000   2.64953   0.27504            -1.360    -4.050     0.580         1
17  0.040400   2.64953   0.27504             0.990    -1.150     0.090         1
18  0.040400   2.64953   0.27504            -0.190    -1.040    -1.220         1
19  0.039500   2.64953   0.27504            -0.240     0.690     1.310         1
20  0.039500   2.64953   0.27504            -1.400     0.780    -0.010         1
21  0.033600   2.64953   0.27504             0.960     2.200    -2.550         1
22  0.033600   2.64953   0.27504             0.630     0.480    -2.350         1
23  0.033600   2.64953   0.27504            -0.700     1.650    -2.290         1
24  0.033600   2.64953   0.27504             0.800     3.790    -0.560         1
25  0.033600   2.64953   0.27504            -0.880     3.270    -0.310         1
26  0.033600   2.64953   0.27504             0.270     3.180     1.020         1
27  0.033600   2.64953   0.27504             2.670     2.130    -0.670         1
28  0.033600   2.64953   0.27504             2.370     0.390    -0.490         1
29  0.033600   2.64953   0.27504             2.230     1.460     0.910         1
