mobley_4845722	1.586873	-9.75571	#systeme  DGsolv_calc  DGsolv_expt (kJ/mol)
12
#    charge    sigma(Ang)  epsilon(kJ/mol)  x         y         z        Zatomic
1  0.026100   3.39967   1.50658             1.890    -1.040    -0.110         6
2  0.026220   3.39967   1.50658             2.920    -1.630     0.610         6
3  0.026220   3.39967   1.50658             2.880    -1.650     2.000         6
4  0.026220   3.39967   1.50658             1.800    -1.080     2.680         6
5  0.026220   3.39967   1.50658             0.760    -0.480     1.960         6
6  0.026220   3.39967   1.50658             0.810    -0.460     0.560         6
7 -0.026200   3.47094   4.64238            -0.490     0.280    -0.340        18
8 -0.026200   3.47094   4.64238            -0.580     0.230     2.800        18
9 -0.026200   3.47094   4.64238             1.750    -1.110     4.420        18
10 -0.026200   3.47094   4.64238             4.170    -2.400     2.900        18
11 -0.026200   3.47094   4.64238             4.270    -2.350    -0.230        18
12 -0.026200   3.47094   4.64238             1.940    -1.010    -1.850        18
