mobley_3589456	-15.232306	-19.21833	#systeme  DGsolv_calc  DGsolv_expt (kJ/mol)
20
#    charge    sigma(Ang)  epsilon(kJ/mol)  x         y         z        Zatomic
1  0.130300   3.39967   1.91652             0.010     0.900    -2.230         6
2 -0.439700   3.00001   2.97813             0.740     0.910    -1.010         8
3  0.521701   3.39967   1.91652             0.300    -0.040    -0.010         6
4  0.006800   3.39967   1.91652             0.850    -1.440    -0.340         6
5 -0.144400   3.47094   4.64238             2.530    -1.390    -0.930        18
6 -0.439700   3.00001   2.97813             0.860     0.320     1.270         8
7  0.130300   3.39967   1.91652             0.500     1.620     1.720         6
8 -0.439700   3.00001   2.97813            -1.150    -0.050     0.040         8
9  0.130300   3.39967   1.91652            -1.720    -0.940     0.990         6
10  0.042500   2.47135   0.27504             0.430     1.650    -2.910         1
11  0.042500   2.47135   0.27504            -1.040     1.130    -2.030         1
12  0.042500   2.47135   0.27504             0.090    -0.090    -2.690         1
13  0.080800   2.47135   0.27504             0.240    -1.950    -1.100         1
14  0.080800   2.47135   0.27504             0.860    -2.080     0.550         1
15  0.042500   2.47135   0.27504             0.970     1.800     2.690         1
16  0.042500   2.47135   0.27504            -0.590     1.680     1.810         1
17  0.042500   2.47135   0.27504             0.850     2.350     1.000         1
18  0.042500   2.47135   0.27504            -2.810    -0.860     0.940         1
19  0.042500   2.47135   0.27504            -1.370    -0.680     1.990         1
20  0.042500   2.47135   0.27504            -1.420    -1.960     0.750         1
