mobley_628951	-5.133262	-9.54636	#systeme  DGsolv_calc  DGsolv_expt (kJ/mol)
22
#    charge    sigma(Ang)  epsilon(kJ/mol)  x         y         z        Zatomic
1 -0.106200   3.39967   1.50658             1.890    -1.040    -0.110         6
2 -0.128900   3.39967   1.50658             2.920    -1.630     0.610         6
3  0.049300   3.39967   1.50658             2.880    -1.650     2.000         6
4 -0.034900   3.39967   1.50658             1.800    -1.080     2.680         6
5  0.049300   3.39967   1.50658             0.760    -0.480     1.960         6
6 -0.128900   3.39967   1.50658             0.810    -0.460     0.560         6
7 -0.073300   3.47094   4.64238            -0.600     0.250     2.730        18
8 -0.034900   3.39967   1.50658             1.750    -1.100     4.130         6
9  0.049300   3.39967   1.50658             1.150    -2.170     4.790         6
10 -0.128900   3.39967   1.50658             1.110    -2.190     6.190         6
11 -0.106000   3.39967   1.50658             1.670    -1.150     6.920         6
12 -0.128900   3.39967   1.50658             2.280    -0.080     6.260         6
13  0.049300   3.39967   1.50658             2.320    -0.050     4.860         6
14 -0.073300   3.47094   4.64238             3.080     1.300     4.100        18
15 -0.073300   3.47094   4.64238             0.440    -3.500     3.950        18
16 -0.073300   3.47094   4.64238             4.200    -2.400     2.840        18
17  0.142600   2.59964   0.26278             1.920    -1.020    -1.200         1
18  0.152100   2.59964   0.26278             3.750    -2.070     0.070         1
19  0.152100   2.59964   0.26278             0.010    -0.000    -0.020         1
20  0.152100   2.59964   0.26278             0.640    -3.020     6.720         1
21  0.142600   2.59964   0.26278             1.640    -1.160     8.000         1
22  0.152100   2.59964   0.26278             2.710     0.730     6.840         1
