mobley_2782339	-49.511275	-40.23707	#systeme  DGsolv_calc  DGsolv_expt (kJ/mol)
16
#    charge    sigma(Ang)  epsilon(kJ/mol)  x         y         z        Zatomic
1 -0.117500   3.39967   1.50658            -0.410    -0.950    -1.900         6
2 -0.117500   3.39967   1.50658            -0.110    -0.950    -0.520         6
3 -0.061600   3.39967   1.50658             0.040    -2.150     0.180         6
4 -0.140500   3.39967   1.50658            -0.110    -3.320    -0.530         6
5 -0.140500   3.39967   1.50658            -0.400    -3.320    -1.890         6
6 -0.061600   3.39967   1.50658            -0.560    -2.150    -2.600         6
7  0.723101   3.39967   1.50658            -0.500    -4.710    -2.330         6
8 -0.570301   2.95992   3.67887            -0.740    -5.070    -3.460         8
9 -0.623001   3.25000   2.97813            -0.260    -5.470    -1.210         7
10  0.723101   3.39967   1.50658            -0.020    -4.710    -0.090         6
11 -0.570301   2.95992   3.67887             0.230    -5.060     1.050         8
12  0.144300   2.59964   0.26278            -0.520    -0.000    -2.420         1
13  0.144300   2.59964   0.26278            -0.000    -0.000     0.000         1
14  0.159700   2.59964   0.26278             0.270    -2.140     1.240         1
15  0.159700   2.59964   0.26278            -0.790    -2.150    -3.660         1
16  0.348600   1.06908   0.27504            -0.250    -6.480    -1.210         1
