mobley_2422586	-2.503826	-6.95042	#systeme  DGsolv_calc  DGsolv_expt (kJ/mol)
15
#    charge    sigma(Ang)  epsilon(kJ/mol)  x         y         z        Zatomic
1 -0.093300   3.39967   1.91652            -0.000    -0.670     0.870         6
2 -0.084300   3.39967   1.91652             1.240    -0.440     1.710         6
3  0.128000   3.39967   1.91652             1.280    -1.350     2.930         6
4 -0.423500   3.00001   2.97813             2.460    -1.090     3.660         8
5  0.117300   3.39967   1.91652             2.550    -1.910     4.820         6
6  0.034700   2.64953   0.27504            -0.010    -0.010    -0.010         1
7  0.034700   2.64953   0.27504            -0.040    -1.700     0.520         1
8  0.034700   2.64953   0.27504            -0.910    -0.470     1.450         1
9  0.054000   2.64953   0.27504             1.300     0.600     2.020         1
10  0.054000   2.64953   0.27504             2.140    -0.620     1.100         1
11  0.024600   2.47135   0.27504             0.420    -1.160     3.580         1
12  0.024600   2.47135   0.27504             1.270    -2.400     2.630         1
13  0.031500   2.47135   0.27504             3.470    -1.680     5.360         1
14  0.031500   2.47135   0.27504             2.540    -2.960     4.520         1
15  0.031500   2.47135   0.27504             1.690    -1.700     5.460         1
