mobley_8966374	-25.796107	-23.07037	#systeme  DGsolv_calc  DGsolv_expt (kJ/mol)
13
#    charge    sigma(Ang)  epsilon(kJ/mol)  x         y         z        Zatomic
1 -0.147700   3.39967   1.91652             0.090     0.390    -0.060         6
2  0.301200   3.39967   1.50658            -0.320    -1.020     0.180         6
3  0.277300   3.39967   1.50658            -1.560    -1.310     0.720         6
4 -0.625601   3.25000   2.97813            -1.960    -2.570     0.950         7
5  0.271500   3.39967   1.50658            -1.080    -3.540     0.620         6
6  0.287800   3.39967   1.50658             0.160    -3.250     0.080         6
7 -0.636101   3.25000   2.97813             0.560    -1.990    -0.140         7
8  0.057300   2.64953   0.27504            -0.210     0.710    -1.060         1
9  0.057300   2.64953   0.27504            -0.380     1.060     0.680         1
10  0.057300   2.64953   0.27504             1.170     0.510     0.050         1
11  0.033000   2.51055   0.26278            -2.270    -0.540     0.980         1
12  0.033600   2.51055   0.26278            -1.400    -4.560     0.800         1
13  0.033100   2.51055   0.26278             0.870    -4.030    -0.180         1
