mobley_7860938	-8.692212	-13.56588	#systeme  DGsolv_calc  DGsolv_expt (kJ/mol)
28
#    charge    sigma(Ang)  epsilon(kJ/mol)  x         y         z        Zatomic
1 -0.092600   3.39967   1.91652            -6.190     2.720     2.850         6
2 -0.079400   3.39967   1.91652            -4.840     2.760     2.150         6
3 -0.083000   3.39967   1.91652            -3.730     3.180     3.120         6
4  0.171400   3.39967   1.91652            -2.360     3.240     2.440         6
5 -0.834601   3.25000   2.97813            -1.320     3.630     3.350         7
6  0.171400   3.39967   1.91652            -0.020     3.680     2.690         6
7 -0.083000   3.39967   1.91652             1.080     4.100     3.650         6
8 -0.079400   3.39967   1.91652             2.460     4.160     3.000         6
9 -0.092600   3.39967   1.91652             3.530     4.580     3.990         6
10  0.033600   2.64953   0.27504            -6.980     2.410     2.150         1
11  0.033600   2.64953   0.27504            -6.170     2.000     3.670         1
12  0.033600   2.64953   0.27504            -6.460     3.700     3.260         1
13  0.039100   2.64953   0.27504            -4.620     1.770     1.740         1
14  0.039100   2.64953   0.27504            -4.900     3.460     1.310         1
15  0.046000   2.64953   0.27504            -3.970     4.170     3.540         1
16  0.046000   2.64953   0.27504            -3.690     2.470     3.950         1
17  0.025500   2.47135   0.27504            -2.360     3.930     1.600         1
18  0.025500   2.47135   0.27504            -2.090     2.240     2.070         1
19  0.357800   1.06908   0.27504            -1.270     2.980     4.140         1
20  0.025500   2.47135   0.27504             0.150     2.690     2.280         1
21  0.025500   2.47135   0.27504            -0.120     4.390     1.880         1
22  0.046000   2.64953   0.27504             1.110     3.420     4.520         1
23  0.046000   2.64953   0.27504             0.820     5.090     4.030         1
24  0.039100   2.64953   0.27504             2.440     4.860     2.160         1
25  0.039100   2.64953   0.27504             2.720     3.170     2.590         1
26  0.033600   2.64953   0.27504             4.510     4.620     3.520         1
27  0.033600   2.64953   0.27504             3.300     5.580     4.390         1
28  0.033600   2.64953   0.27504             3.580     3.880     4.830         1
