mobley_2613240	-16.978285	-22.31671	#systeme  DGsolv_calc  DGsolv_expt (kJ/mol)
20
#    charge    sigma(Ang)  epsilon(kJ/mol)  x         y         z        Zatomic
1  0.115400   3.39967   1.91652             1.350    -2.130    -2.150         6
2 -0.323050   3.00001   2.97813             1.940    -1.020    -1.470         8
3  0.089900   3.39967   1.50658             1.890    -1.040    -0.110         6
4 -0.156400   3.39967   1.50658             2.920    -1.630     0.610         6
5 -0.128300   3.39967   1.50658             2.880    -1.650     2.000         6
6 -0.128300   3.39967   1.50658             1.800    -1.080     2.680         6
7 -0.156400   3.39967   1.50658             0.760    -0.480     1.960         6
8  0.089900   3.39967   1.50658             0.810    -0.460     0.560         6
9 -0.323050   3.00001   2.97813            -0.210     0.120    -0.130         8
10  0.115500   3.39967   1.91652            -1.280     0.680     0.630         6
11  0.042300   2.47135   0.27504             1.460    -2.000    -3.230         1
12  0.042300   2.47135   0.27504             0.290    -2.200    -1.880         1
13  0.042300   2.47135   0.27504             1.860    -3.040    -1.840         1
14  0.141100   2.59964   0.26278             3.760    -2.080     0.090         1
15  0.134400   2.59964   0.26278             3.690    -2.110     2.560         1
16  0.134400   2.59964   0.26278             1.770    -1.100     3.760         1
17  0.141100   2.59964   0.26278            -0.070    -0.040     2.480         1
18  0.042300   2.47135   0.27504            -2.010     1.110    -0.050         1
19  0.042300   2.47135   0.27504            -0.870     1.450     1.290         1
20  0.042300   2.47135   0.27504            -1.730    -0.110     1.220         1
