mobley_3269819	-3.441714	-13.27279	#systeme  DGsolv_calc  DGsolv_expt (kJ/mol)
22
#    charge    sigma(Ang)  epsilon(kJ/mol)  x         y         z        Zatomic
1 -0.096300   3.39967   1.50658             1.890    -1.040    -0.110         6
2 -0.035300   3.39967   1.50658             2.920    -1.630     0.610         6
3 -0.096300   3.39967   1.50658             2.880    -1.650     2.000         6
4  0.021000   3.39967   1.50658             1.800    -1.080     2.680         6
5  0.023800   3.39967   1.50658             0.760    -0.480     1.960         6
6  0.021000   3.39967   1.50658             0.810    -0.460     0.560         6
7 -0.055500   3.47094   4.64238            -0.440     0.260    -0.400        18
8 -0.037700   3.47094   4.64238            -0.580     0.230     2.790        18
9 -0.055500   3.47094   4.64238             1.820    -1.140     4.410        18
10 -0.028000   3.39967   1.50658             4.040    -2.230    -0.090         6
11 -0.097300   3.39967   1.50658             3.950    -3.570    -0.440         6
12  0.019800   3.39967   1.50658             5.000    -4.200    -1.110         6
13  0.027300   3.39967   1.50658             6.140    -3.470    -1.440         6
14  0.019000   3.39967   1.50658             6.240    -2.120    -1.090         6
15  0.035700   3.39967   1.50658             5.180    -1.500    -0.420         6
16 -0.040300   3.47094   4.64238             5.280     0.180     0.030        18
17 -0.034100   3.47094   4.64238             7.670    -1.210    -1.500        18
18 -0.032800   3.47094   4.64238             7.440    -4.260    -2.280        18
19 -0.048800   3.47094   4.64238             4.800    -5.870    -1.510        18
20  0.162200   2.59964   0.26278             1.920    -1.020    -1.200         1
21  0.162200   2.59964   0.26278             3.690    -2.120     2.560         1
22  0.165900   2.59964   0.26278             3.050    -4.140    -0.190         1
