mobley_2501588	-8.189772	-10.25815	#systeme  DGsolv_calc  DGsolv_expt (kJ/mol)
40
#    charge    sigma(Ang)  epsilon(kJ/mol)  x         y         z        Zatomic
1 -0.089200   3.39967   1.91652             3.450     3.610    -0.030         6
2 -0.109200   3.39967   1.91652             3.630     2.850    -1.330         6
3  0.242400   3.39967   1.91652             2.620     1.720    -1.510         6
4 -0.786901   3.25000   2.97813             2.800     1.010    -2.750         7
5  0.265100   3.39967   1.91652             2.710     1.750    -4.010         6
6 -0.156900   3.39967   1.50658             1.370     2.350    -4.150         6
7 -0.125400   3.39967   1.50658             1.180     3.850    -4.030         6
8 -0.125400   3.39967   1.50658             1.010     3.170    -5.370         6
9  0.299600   3.39967   1.50658             3.080    -0.370    -2.770         6
10 -0.175000   3.39967   1.50658             4.400    -0.820    -2.740         6
11 -0.015200   3.39967   1.50658             4.670    -2.190    -2.760         6
12 -0.174200   3.39967   1.50658             3.620    -3.100    -2.810         6
13 -0.015200   3.39967   1.50658             2.300    -2.660    -2.840         6
14 -0.175000   3.39967   1.50658             2.030    -1.290    -2.820         6
15  0.318900   3.25000   2.97813             0.670    -0.860    -2.850         7
16 -0.178500   2.95992   3.67887             0.130    -0.660    -3.960         8
17 -0.178500   2.95992   3.67887             0.060    -0.700    -1.760         8
18  0.694201   3.39967   1.91652             3.920    -4.570    -2.830         6
19 -0.224600   3.11815   1.06862             5.250    -4.860    -2.800        10
20 -0.224600   3.11815   1.06862             3.380    -5.250    -1.780        10
21 -0.224600   3.11815   1.06862             3.430    -5.180    -3.950        10
22  0.318900   3.25000   2.97813             5.490     0.100    -2.690         7
23 -0.178500   2.95992   3.67887             5.920     0.460    -1.570         8
24 -0.178500   2.95992   3.67887             5.980     0.510    -3.760         8
25  0.037600   2.64953   0.27504             4.190     4.400     0.070         1
26  0.037600   2.64953   0.27504             2.450     4.060     0.000         1
27  0.037600   2.64953   0.27504             3.540     2.940     0.840         1
28  0.051000   2.64953   0.27504             4.640     2.420    -1.350         1
29  0.051000   2.64953   0.27504             3.570     3.550    -2.170         1
30  0.055800   2.47135   0.27504             2.720     0.990    -0.700         1
31  0.055800   2.47135   0.27504             1.590     2.110    -1.500         1
32  0.055400   2.47135   0.27504             3.490     2.500    -3.980         1
33  0.055400   2.47135   0.27504             2.920     1.030    -4.800         1
34  0.095500   2.64953   0.27504             0.580     1.730    -3.730         1
35  0.074100   2.64953   0.27504             0.290     4.210    -3.540         1
36  0.074100   2.64953   0.27504             2.060     4.460    -3.890         1
37  0.074100   2.64953   0.27504             0.010     3.080    -5.760         1
38  0.074100   2.64953   0.27504             1.780     3.330    -6.110         1
39  0.183600   2.59964   0.26278             5.700    -2.540    -2.740         1
40  0.183600   2.59964   0.26278             1.490    -3.380    -2.880         1
