mobley_9510785	-5.48497	-14.57076	#systeme  DGsolv_calc  DGsolv_expt (kJ/mol)
22
#    charge    sigma(Ang)  epsilon(kJ/mol)  x         y         z        Zatomic
1 -0.119600   3.39967   1.50658             1.890    -1.040    -0.110         6
2 -0.130500   3.39967   1.50658             2.920    -1.630     0.610         6
3 -0.104300   3.39967   1.50658             2.880    -1.650     2.000         6
4 -0.059900   3.39967   1.50658             1.800    -1.080     2.680         6
5 -0.104300   3.39967   1.50658             0.760    -0.480     1.960         6
6 -0.130500   3.39967   1.50658             0.810    -0.460     0.560         6
7 -0.016400   3.39967   1.50658             1.750    -1.100     4.120         6
8 -0.100900   3.39967   1.50658             1.140    -2.190     4.740         6
9  0.020400   3.39967   1.50658             1.070    -2.260     6.130         6
10  0.022600   3.39967   1.50658             1.620    -1.240     6.900         6
11  0.019600   3.39967   1.50658             2.230    -0.150     6.290         6
12  0.032700   3.39967   1.50658             2.300    -0.080     4.900         6
13 -0.045200   3.47094   4.64238             3.060     1.280     4.110        18
14 -0.039600   3.47094   4.64238             2.910     1.130     7.260        18
15 -0.039700   3.47094   4.64238             1.520    -1.340     8.640        18
16 -0.055600   3.47094   4.64238             0.290    -3.650     6.810        18
17  0.133500   2.59964   0.26278             1.920    -1.020    -1.200         1
18  0.136100   2.59964   0.26278             3.760    -2.080     0.080         1
19  0.140200   2.59964   0.26278             3.690    -2.120     2.550         1
20  0.140200   2.59964   0.26278            -0.080    -0.030     2.470         1
21  0.136100   2.59964   0.26278            -0.000    -0.000     0.000         1
22  0.165100   2.59964   0.26278             0.710    -2.990     4.130         1
