mobley_3378420	-10.735468	-16.24556	#systeme  DGsolv_calc  DGsolv_expt (kJ/mol)
30
#    charge    sigma(Ang)  epsilon(kJ/mol)  x         y         z        Zatomic
1 -0.091700   3.39967   1.91652            -1.870     1.840     4.120         6
2 -0.080200   3.39967   1.91652            -2.330     1.910     2.670         6
3 -0.078800   3.39967   1.91652            -1.970     3.260     2.030         6
4 -0.078100   3.39967   1.91652            -2.410     3.380     0.570         6
5 -0.078000   3.39967   1.91652            -2.080     4.700    -0.120         6
6 -0.078300   3.39967   1.91652            -2.540     4.760    -1.580         6
7 -0.077400   3.39967   1.91652            -2.190     6.110    -2.220         6
8 -0.084700   3.39967   1.91652            -2.650     6.170    -3.670         6
9  0.132300   3.39967   1.91652            -2.310     7.500    -4.330         6
10 -0.602901   3.06647   3.68587            -2.760     7.510    -5.680         8
11  0.032800   2.64953   0.27504            -2.130     0.870     4.550         1
12  0.032800   2.64953   0.27504            -0.790     1.970     4.190         1
13  0.032800   2.64953   0.27504            -2.350     2.630     4.710         1
14  0.037700   2.64953   0.27504            -3.410     1.750     2.630         1
15  0.037700   2.64953   0.27504            -1.860     1.100     2.100         1
16  0.038400   2.64953   0.27504            -2.400     4.070     2.620         1
17  0.038400   2.64953   0.27504            -0.880     3.390     2.070         1
18  0.039800   2.64953   0.27504            -3.500     3.220     0.510         1
19  0.039800   2.64953   0.27504            -1.950     2.560     0.000         1
20  0.039200   2.64953   0.27504            -2.570     5.510     0.440         1
21  0.039200   2.64953   0.27504            -1.010     4.900    -0.060         1
22  0.041100   2.64953   0.27504            -3.630     4.610    -1.630         1
23  0.041100   2.64953   0.27504            -2.070     3.960    -2.150         1
24  0.039200   2.64953   0.27504            -2.660     6.920    -1.650         1
25  0.039200   2.64953   0.27504            -1.110     6.270    -2.160         1
26  0.055100   2.64953   0.27504            -2.170     5.360    -4.230         1
27  0.055100   2.64953   0.27504            -3.740     6.020    -3.730         1
28  0.019900   2.47135   0.27504            -2.810     8.320    -3.800         1
29  0.019900   2.47135   0.27504            -1.230     7.680    -4.320         1
30  0.398600   0.00000   0.00000            -2.520     8.370    -6.050         1
