mobley_7326982	-14.348849	-19.84638	#systeme  DGsolv_calc  DGsolv_expt (kJ/mol)
12
#    charge    sigma(Ang)  epsilon(kJ/mol)  x         y         z        Zatomic
1 -0.111100   3.39967   1.91652             1.080     0.050     0.200         6
2  0.138300   3.39967   1.91652             1.350     0.920     1.410         6
3 -0.111100   3.39967   1.91652             2.840     1.040     1.700         6
4 -0.601401   3.06647   3.68587             0.810     2.220     1.190         8
5  0.043300   2.64953   0.27504             0.000    -0.030     0.000         1
6  0.043300   2.64953   0.27504             1.560     0.470    -0.690         1
7  0.043300   2.64953   0.27504             1.480    -0.960     0.330         1
8  0.028400   2.47135   0.27504             0.850     0.500     2.290         1
9  0.043300   2.64953   0.27504             3.030     1.670     2.580         1
10  0.043300   2.64953   0.27504             3.360     1.480     0.840         1
11  0.043300   2.64953   0.27504             3.290     0.050     1.870         1
12  0.397100   0.00000   0.00000            -0.140     2.100     1.060         1
