mobley_8124669	-28.685137	-34.37527	#systeme  DGsolv_calc  DGsolv_expt (kJ/mol)
38
#    charge    sigma(Ang)  epsilon(kJ/mol)  x         y         z        Zatomic
1 -0.096000   3.39967   1.91652             1.750     0.620    -4.190         6
2 -0.037100   3.39967   1.91652             0.380     0.030    -3.930         6
3 -0.048300   3.39967   1.50658             0.460    -1.400    -3.500         6
4 -0.133700   3.39967   1.50658             0.430    -2.390    -4.480         6
5 -0.117500   3.39967   1.50658             0.500    -3.740    -4.110         6
6 -0.133700   3.39967   1.50658             0.610    -4.080    -2.760         6
7 -0.048300   3.39967   1.50658             0.640    -3.090    -1.780         6
8  0.054500   3.39967   1.50658             0.560    -1.750    -2.150         6
9 -0.406200   3.25000   2.97813             0.600    -0.710    -1.140         7
10  0.302400   3.39967   1.91652             1.900    -0.150    -0.730         6
11 -0.420700   3.00001   2.97813             2.080    -0.380     0.670         8
12  0.116800   3.39967   1.91652             3.320     0.130     1.130         6
13  0.662901   3.39967   1.50658            -0.620    -0.270    -0.570         6
14 -0.553901   2.95992   3.67887            -0.710     0.610     0.300         8
15 -0.051300   3.39967   1.91652            -1.870    -0.910    -1.130         6
16 -0.132900   3.47094   4.64238            -3.330    -0.270    -0.340        18
17 -0.037100   3.39967   1.91652             0.760    -3.490    -0.350         6
18 -0.096000   3.39967   1.91652             2.210    -3.600     0.110         6
19  0.040900   2.64953   0.27504             1.680     1.670    -4.500         1
20  0.040900   2.64953   0.27504             2.260     0.070    -4.980         1
21  0.040900   2.64953   0.27504             2.380     0.580    -3.290         1
22  0.045200   2.64953   0.27504            -0.240     0.110    -4.830         1
23  0.045200   2.64953   0.27504            -0.140     0.620    -3.160         1
24  0.133100   2.59964   0.26278             0.350    -2.130    -5.530         1
25  0.131500   2.59964   0.26278             0.480    -4.510    -4.870         1
26  0.133100   2.59964   0.26278             0.670    -5.130    -2.480         1
27  0.032700   2.29317   0.27504             1.930     0.920    -0.920         1
28  0.032700   2.29317   0.27504             2.710    -0.600    -1.310         1
29  0.038800   2.47135   0.27504             3.420    -0.060     2.200         1
30  0.038800   2.47135   0.27504             3.360     1.210     0.940         1
31  0.038800   2.47135   0.27504             4.130    -0.360     0.590         1
32  0.085200   2.47135   0.27504            -1.850    -1.990    -0.950         1
33  0.085200   2.47135   0.27504            -1.970    -0.710    -2.200         1
34  0.045200   2.64953   0.27504             0.220    -2.770     0.290         1
35  0.045200   2.64953   0.27504             0.250    -4.460    -0.180         1
36  0.040900   2.64953   0.27504             2.270    -3.890     1.160         1
37  0.040900   2.64953   0.27504             2.720    -2.630    -0.000         1
38  0.040900   2.64953   0.27504             2.750    -4.340    -0.480         1
