mobley_8492526	-12.255349	-12.68661	#systeme  DGsolv_calc  DGsolv_expt (kJ/mol)
16
#    charge    sigma(Ang)  epsilon(kJ/mol)  x         y         z        Zatomic
1 -0.092100   3.39967   1.91652            -1.120     1.990    -0.700         6
2 -0.078800   3.39967   1.91652            -1.060     0.520    -0.330         6
3 -0.075200   3.39967   1.91652             0.350     0.090     0.050         6
4 -0.198700   3.39967   1.91652             0.400    -1.400     0.420         6
5  0.563001   3.39967   1.50658             1.790    -1.850     0.800         6
6 -0.523901   2.95992   3.67887             2.780    -1.140     0.820         8
7  0.035100   2.64953   0.27504            -2.130     2.280    -0.970         1
8  0.035100   2.64953   0.27504            -0.460     2.210    -1.550         1
9  0.035100   2.64953   0.27504            -0.800     2.620     0.140         1
10  0.036400   2.64953   0.27504            -1.420    -0.080    -1.190         1
11  0.036400   2.64953   0.27504            -1.750     0.330     0.500         1
12  0.053300   2.64953   0.27504             0.710     0.690     0.900         1
13  0.053300   2.64953   0.27504             1.040     0.280    -0.780         1
14  0.065400   2.64953   0.27504             0.070    -2.010    -0.430         1
15  0.065400   2.64953   0.27504            -0.260    -1.600     1.260         1
16 -0.009800   2.51055   0.26278             1.860    -2.920     1.070         1
