mobley_2659552	-33.835147	-40.86512	#systeme  DGsolv_calc  DGsolv_expt (kJ/mol)
25
#    charge    sigma(Ang)  epsilon(kJ/mol)  x         y         z        Zatomic
1 -0.058700   3.39967   1.91652             1.750    -1.170    -1.650         6
2 -0.063100   3.39967   1.50658             1.740    -1.160    -0.160         6
3 -0.134100   3.39967   1.50658             2.800    -1.730     0.540         6
4 -0.096500   3.39967   1.50658             2.800    -1.720     1.940         6
5 -0.132900   3.39967   1.50658             1.740    -1.130     2.630         6
6 -0.096500   3.39967   1.50658             0.680    -0.560     1.920         6
7 -0.134100   3.39967   1.50658             0.680    -0.570     0.530         6
8  0.672601   3.39967   1.50658             1.730    -1.110     4.080         6
9 -0.592501   2.95992   3.67887             1.200    -2.080     4.650         8
10 -0.483700   3.25000   2.97813             2.310    -0.020     4.750         7
11  0.083600   3.39967   1.91652             2.330     0.070     6.210         6
12  0.083600   3.39967   1.91652             2.920     1.100     4.040         6
13  0.046900   2.64953   0.27504             2.240    -0.280    -2.040         1
14  0.046900   2.64953   0.27504             2.270    -2.060    -2.030         1
15  0.046900   2.64953   0.27504             0.720    -1.210    -2.050         1
16  0.136500   2.59964   0.26278             3.630    -2.190     0.020         1
17  0.141500   2.59964   0.26278             3.630    -2.160     2.480         1
18  0.141500   2.59964   0.26278            -0.150    -0.100     2.450         1
19  0.136500   2.59964   0.26278            -0.150    -0.130    -0.020         1
20  0.042600   2.47135   0.27504             3.240    -0.390     6.580         1
21  0.042600   2.47135   0.27504             1.460    -0.440     6.610         1
22  0.042600   2.47135   0.27504             2.300     1.120     6.500         1
23  0.042600   2.47135   0.27504             2.170     1.850     3.850         1
24  0.042600   2.47135   0.27504             3.330     0.730     3.100         1
25  0.042600   2.47135   0.27504             3.720     1.510     4.650         1
