mobley_9197172	12.121365	8.03904	#systeme  DGsolv_calc  DGsolv_expt (kJ/mol)
24
#    charge    sigma(Ang)  epsilon(kJ/mol)  x         y         z        Zatomic
1 -0.092400   3.39967   1.91652             1.500     3.330     0.950         6
2 -0.081000   3.39967   1.91652             1.570     1.840     1.250         6
3 -0.077300   3.39967   1.91652             0.380     1.090     0.640         6
4 -0.076500   3.39967   1.91652             0.460    -0.400     0.950         6
5 -0.072800   3.39967   1.91652            -0.710    -1.200     0.360         6
6 -0.054400   3.39967   1.91652            -0.640    -2.700     0.670         6
7 -0.159500   3.39967   1.50658            -1.800    -3.430     0.070         6
8 -0.226100   3.39967   1.50658            -2.690    -4.130     0.780         6
9  0.032000   2.64953   0.27504             2.360     3.860     1.390         1
10  0.032000   2.64953   0.27504             1.510     3.510    -0.130         1
11  0.032000   2.64953   0.27504             0.590     3.760     1.370         1
12  0.038200   2.64953   0.27504             2.510     1.440     0.860         1
13  0.038200   2.64953   0.27504             1.580     1.700     2.340         1
14  0.039400   2.64953   0.27504             0.380     1.260    -0.440         1
15  0.039400   2.64953   0.27504            -0.550     1.510     1.040         1
16  0.040400   2.64953   0.27504             1.400    -0.810     0.580         1
17  0.040400   2.64953   0.27504             0.450    -0.550     2.040         1
18  0.038800   2.64953   0.27504            -0.750    -1.040    -0.720         1
19  0.038800   2.64953   0.27504            -1.650    -0.790     0.770         1
20  0.046200   2.64953   0.27504             0.280    -3.130     0.260         1
21  0.046200   2.64953   0.27504            -0.600    -2.850     1.760         1
22  0.117400   2.59964   0.26278            -1.910    -3.400    -1.010         1
23  0.110300   2.59964   0.26278            -3.520    -4.650     0.310         1
24  0.110300   2.59964   0.26278            -2.600    -4.200     1.860         1
