mobley_4934872	-21.784961	-21.89801	#systeme  DGsolv_calc  DGsolv_expt (kJ/mol)
30
#    charge    sigma(Ang)  epsilon(kJ/mol)  x         y         z        Zatomic
1 -0.110700   3.39967   1.91652             1.880     0.700     0.660         6
2  0.140500   3.39967   1.91652             0.370     0.620     0.760         6
3 -0.442400   3.00001   2.97813            -0.170     1.940     0.740         8
4  0.509701   3.39967   1.91652            -1.610     1.970     0.830         6
5 -0.442400   3.00001   2.97813            -2.240     1.260    -0.250         8
6  0.140500   3.39967   1.91652            -2.300     2.040    -1.440         6
7 -0.110700   3.39967   1.91652            -2.970     1.220    -2.520         6
8 -0.344600   3.00001   2.97813            -2.030     1.470     2.120         8
9  0.100000   3.39967   1.50658            -3.370     1.430     2.390         6
10 -0.148000   3.39967   1.50658            -4.240     2.360     1.810         6
11 -0.115500   3.39967   1.50658            -5.600     2.310     2.090         6
12 -0.141500   3.39967   1.50658            -6.100     1.340     2.950         6
13 -0.115500   3.39967   1.50658            -5.240     0.410     3.530         6
14 -0.148000   3.39967   1.50658            -3.870     0.450     3.250         6
15  0.048500   2.64953   0.27504             2.320    -0.300     0.670         1
16  0.048500   2.64953   0.27504             2.170     1.210    -0.270         1
17  0.048500   2.64953   0.27504             2.290     1.290     1.480         1
18  0.037300   2.47135   0.27504             0.070     0.140     1.700         1
19  0.037300   2.47135   0.27504            -0.050     0.060    -0.080         1
20  0.093800   2.11499   0.27504            -1.860     3.030     0.780         1
21  0.037300   2.47135   0.27504            -2.860     2.950    -1.240         1
22  0.037300   2.47135   0.27504            -1.280     2.300    -1.740         1
23  0.048500   2.64953   0.27504            -3.030     1.780    -3.450         1
24  0.048500   2.64953   0.27504            -2.420     0.290    -2.700         1
25  0.048500   2.64953   0.27504            -3.990     0.940    -2.210         1
26  0.146300   2.59964   0.26278            -3.850     3.120     1.140         1
27  0.134400   2.59964   0.26278            -6.270     3.030     1.630         1
28  0.133200   2.59964   0.26278            -7.170     1.300     3.170         1
29  0.134400   2.59964   0.26278            -5.630    -0.350     4.210         1
30  0.146300   2.59964   0.26278            -3.210    -0.270     3.710         1
