mobley_1952272	-8.688025	-16.83174	#systeme  DGsolv_calc  DGsolv_expt (kJ/mol)
7
#    charge    sigma(Ang)  epsilon(kJ/mol)  x         y         z        Zatomic
1 -0.102700   3.39967   1.91652            -0.530    -0.760     0.590         6
2  0.234100   3.25000   2.97813            -1.830    -0.970    -0.020         7
3 -0.209100   2.95992   3.67887            -2.410    -2.060     0.210         8
4 -0.209100   2.95992   3.67887            -2.310    -0.070    -0.740         8
5  0.095600   2.47135   0.27504             0.230    -1.120    -0.110         1
6  0.095600   2.47135   0.27504            -0.490    -1.310     1.530         1
7  0.095600   2.47135   0.27504            -0.410     0.320     0.770         1
