mobley_2577969	-28.42973	-18.92524	#systeme  DGsolv_calc  DGsolv_expt (kJ/mol)
26
#    charge    sigma(Ang)  epsilon(kJ/mol)  x         y         z        Zatomic
1 -0.127400   3.39967   1.50658             5.000     4.950     4.040         6
2 -0.113900   3.39967   1.50658             5.310     4.560     2.730         6
3 -0.033300   3.39967   1.50658             4.460     3.710     2.020         6
4 -0.114500   3.39967   1.50658             4.750     3.300     0.710         6
5 -0.114500   3.39967   1.50658             3.890     2.450     0.020         6
6 -0.033300   3.39967   1.50658             2.710     1.980     0.610         6
7 -0.113900   3.39967   1.50658             1.830     1.120    -0.070         6
8 -0.127300   3.39967   1.50658             0.670     0.660     0.540         6
9 -0.113900   3.39967   1.50658             0.360     1.050     1.840         6
10 -0.033300   3.39967   1.50658             1.220     1.910     2.550         6
11 -0.015400   3.39967   1.50658             2.400     2.370     1.940         6
12 -0.015400   3.39967   1.50658             3.270     3.240     2.640         6
13 -0.033300   3.39967   1.50658             2.960     3.630     3.960         6
14 -0.113900   3.39967   1.50658             3.840     4.490     4.650         6
15 -0.114500   3.39967   1.50658             1.780     3.160     4.560         6
16 -0.114500   3.39967   1.50658             0.920     2.310     3.860         6
17  0.133000   2.59964   0.26278             5.670     5.610     4.580         1
18  0.133575   2.59964   0.26278             6.230     4.930     2.280         1
19  0.133000   2.59964   0.26278             5.650     3.650     0.220         1
20  0.133000   2.59964   0.26278             4.150     2.160    -1.000         1
21  0.133575   2.59964   0.26278             2.060     0.800    -1.090         1
22  0.133000   2.59964   0.26278             0.000     0.000    -0.000         1
23  0.133575   2.59964   0.26278            -0.560     0.680     2.300         1
24  0.133575   2.59964   0.26278             3.620     4.810     5.660         1
25  0.133000   2.59964   0.26278             1.520     3.450     5.570         1
26  0.133000   2.59964   0.26278             0.020     1.970     4.360         1
