mobley_9705941	-1.2561	-5.77806	#systeme  DGsolv_calc  DGsolv_expt (kJ/mol)
12
#    charge    sigma(Ang)  epsilon(kJ/mol)  x         y         z        Zatomic
1 -0.024400   3.39967   1.91652            -1.830    -2.210    -0.450         6
2 -0.094700   3.39967   1.50658            -1.350    -1.100    -1.300         6
3 -0.158300   3.39967   1.50658            -0.470    -0.090    -0.970         6
4 -0.154200   3.39967   1.50658            -0.250     0.810    -2.060         6
5 -0.166100   3.39967   1.50658            -0.980     0.450    -3.170         6
6 -0.015600   3.56359   4.37960            -1.920    -0.960    -2.910        16
7  0.046900   2.64953   0.27504            -1.170    -3.070    -0.560         1
8  0.046900   2.64953   0.27504            -1.860    -1.920     0.600         1
9  0.046900   2.64953   0.27504            -2.850    -2.500    -0.730         1
10  0.152000   2.59964   0.26278             0.000     0.010    -0.000         1
11  0.151400   2.59964   0.26278             0.400     1.670    -2.020         1
12  0.169200   2.51055   0.26278            -1.000     0.950    -4.130         1
