mobley_1743409	-36.355721	-23.90777	#systeme  DGsolv_calc  DGsolv_expt (kJ/mol)
26
#    charge    sigma(Ang)  epsilon(kJ/mol)  x         y         z        Zatomic
1 -0.100600   3.39967   1.91652            -1.270     0.700    -1.660         6
2  0.139400   3.39967   1.91652            -1.040    -0.220    -0.490         6
3 -0.441500   3.00001   2.97813            -2.060     0.010     0.490         8
4  0.631951   3.39967   1.50658            -1.980    -0.770     1.610         6
5 -0.544501   2.95992   3.67887            -1.130    -1.620     1.840         8
6 -0.127400   3.39967   1.91652            -3.130    -0.410     2.540         6
7 -0.127400   3.39967   1.91652            -3.120    -1.220     3.830         6
8  0.631951   3.39967   1.50658            -4.270    -0.860     4.750         6
9 -0.544501   2.95992   3.67887            -5.120    -0.020     4.520         8
10 -0.441500   3.00001   2.97813            -4.200    -1.640     5.870         8
11  0.139400   3.39967   1.91652            -5.220    -1.420     6.840         6
12 -0.100500   3.39967   1.91652            -5.000    -2.360     8.000         6
13  0.049000   2.64953   0.27504            -0.510     0.550    -2.430         1
14  0.049000   2.64953   0.27504            -2.260     0.530    -2.110         1
15  0.049000   2.64953   0.27504            -1.240     1.750    -1.340         1
16  0.052000   2.47135   0.27504            -0.070    -0.040    -0.030         1
17  0.052000   2.47135   0.27504            -1.090    -1.270    -0.810         1
18  0.095800   2.64953   0.27504            -4.070    -0.530     1.990         1
19  0.095800   2.64953   0.27504            -3.010     0.650     2.800         1
20  0.095800   2.64953   0.27504            -2.200    -1.010     4.370         1
21  0.095800   2.64953   0.27504            -3.170    -2.300     3.620         1
22  0.052000   2.47135   0.27504            -5.180    -0.380     7.160         1
23  0.052000   2.47135   0.27504            -6.190    -1.620     6.370         1
24  0.049000   2.64953   0.27504            -5.770    -2.220     8.770         1
25  0.049000   2.64953   0.27504            -5.010    -3.400     7.670         1
26  0.049000   2.64953   0.27504            -4.010    -2.180     8.460         1
