mobley_4371692	-45.990008	-39.90211	#systeme  DGsolv_calc  DGsolv_expt (kJ/mol)
27
#    charge    sigma(Ang)  epsilon(kJ/mol)  x         y         z        Zatomic
1 -0.121300   3.39967   1.50658             1.290    -1.690    -0.350         6
2 -0.117000   3.39967   1.50658             0.960    -0.460     0.230         6
3 -0.091200   3.39967   1.50658             1.850     0.170     1.090         6
4 -0.120700   3.39967   1.50658             3.080    -0.430     1.380         6
5 -0.131000   3.39967   1.50658             3.420    -1.650     0.810         6
6 -0.088200   3.39967   1.50658             2.520    -2.280    -0.060         6
7  0.602101   3.39967   1.50658             4.710    -2.290     1.100         6
8 -0.571101   2.95992   3.67887             4.970    -3.370     0.580         8
9 -0.188100   3.39967   1.50658             5.650    -1.620     2.020         6
10  0.202500   3.39967   1.50658             6.890    -2.210     2.320         6
11 -0.157800   3.39967   1.50658             7.780    -1.580     3.180         6
12 -0.149600   3.39967   1.50658             7.440    -0.360     3.760         6
13  0.114400   3.39967   1.50658             6.220     0.240     3.470         6
14 -0.115800   3.39967   1.50658             5.320    -0.390     2.600         6
15  0.583001   3.39967   1.50658             4.020     0.250     2.300         6
16 -0.496800   2.95992   3.67887             3.700     1.320     2.800         8
17 -0.458600   3.06647   3.68587             5.950     1.440     4.070         8
18 -0.842501   3.25000   2.97813             7.290    -3.450     1.770         7
19  0.140900   2.59964   0.26278             0.590    -2.170    -1.030         1
20  0.139600   2.59964   0.26278             0.000     0.000    -0.000         1
21  0.158500   2.59964   0.26278             1.560     1.120     1.530         1
22  0.158600   2.59964   0.26278             2.750    -3.240    -0.530         1
23  0.140600   2.59964   0.26278             8.740    -2.030     3.420         1
24  0.140600   2.59964   0.26278             8.150     0.120     4.430         1
25  0.413900   0.00000   0.00000             6.690     1.700     4.630         1
26  0.427500   1.06908   0.27504             6.660    -3.960     1.180         1
27  0.427500   1.06908   0.27504             8.170    -3.840     2.060         1
