mobley_5857	-20.888943	-23.94964	#systeme  DGsolv_calc  DGsolv_expt (kJ/mol)
17
#    charge    sigma(Ang)  epsilon(kJ/mol)  x         y         z        Zatomic
1 -0.127000   3.39967   1.50658             0.130     2.100    -0.450         6
2 -0.123900   3.39967   1.50658            -0.550     0.900    -0.270         6
3 -0.164200   3.39967   1.50658            -1.930     0.840    -0.450         6
4  0.392900   3.39967   1.50658            -2.670     1.970    -0.800         6
5 -0.147900   3.39967   1.50658            -1.980     3.190    -0.980         6
6 -0.111700   3.39967   1.50658            -0.580     3.240    -0.800         6
7 -0.080100   3.39967   1.50658            -2.720     4.320    -1.330         6
8 -0.249900   3.39967   1.50658            -4.090     4.240    -1.490         6
9  0.411100   3.39967   1.50658            -4.680     3.010    -1.300         6
10 -0.657201   3.25000   2.97813            -4.000     1.890    -0.960         7
11  0.134400   2.59964   0.26278             1.210     2.140    -0.320         1
12  0.135400   2.59964   0.26278             0.000     0.000    -0.000         1
13  0.150700   2.59964   0.26278            -2.440    -0.110    -0.300         1
14  0.133700   2.59964   0.26278            -0.040     4.180    -0.940         1
15  0.138200   2.59964   0.26278            -2.220     5.280    -1.480         1
16  0.143600   2.59964   0.26278            -4.680     5.110    -1.770         1
17  0.021900   2.51055   0.26278            -5.750     2.880    -1.410         1
