mobley_2043882	-16.760561	-16.3293	#systeme  DGsolv_calc  DGsolv_expt (kJ/mol)
23
#    charge    sigma(Ang)  epsilon(kJ/mol)  x         y         z        Zatomic
1 -0.201800   3.39967   1.91652             0.050     0.690    -1.330         6
2  0.566801   3.39967   1.50658             0.730    -0.480    -0.670         6
3 -0.535501   2.95992   3.67887             1.490    -0.330     0.290         8
4 -0.158400   3.39967   1.91652             0.440    -1.830    -1.240         6
5 -0.064400   3.39967   1.91652             1.090    -2.920    -0.380         6
6 -0.079000   3.39967   1.91652             2.600    -3.030    -0.590         6
7 -0.075900   3.39967   1.91652             2.950    -3.190    -2.060         6
8 -0.079000   3.39967   1.91652             2.370    -2.050    -2.900         6
9 -0.064400   3.39967   1.91652             0.860    -1.920    -2.710         6
10  0.062600   2.64953   0.27504             0.680     1.080    -2.140         1
11  0.062600   2.64953   0.27504            -0.920     0.380    -1.730         1
12  0.062600   2.64953   0.27504            -0.110     1.490    -0.600         1
13  0.062800   2.64953   0.27504            -0.650    -1.950    -1.180         1
14  0.044300   2.64953   0.27504             0.890    -2.730     0.680         1
15  0.044300   2.64953   0.27504             0.630    -3.880    -0.620         1
16  0.046500   2.64953   0.27504             3.100    -2.140    -0.190         1
17  0.046500   2.64953   0.27504             2.980    -3.880    -0.030         1
18  0.038900   2.64953   0.27504             4.040    -3.220    -2.180         1
19  0.038900   2.64953   0.27504             2.560    -4.150    -2.430         1
20  0.046500   2.64953   0.27504             2.860    -1.110    -2.630         1
21  0.046500   2.64953   0.27504             2.590    -2.230    -3.960         1
22  0.044300   2.64953   0.27504             0.510    -1.030    -3.260         1
23  0.044300   2.64953   0.27504             0.370    -2.790    -3.170         1
