mobley_9557440	-69.554444	-74.27738	#systeme  DGsolv_calc  DGsolv_expt (kJ/mol)
12
#    charge    sigma(Ang)  epsilon(kJ/mol)  x         y         z        Zatomic
1  0.049200   3.39967   1.50658             0.670     1.360    -0.060         6
2 -0.175600   3.39967   1.50658            -0.290     0.940     0.770         6
3  0.719301   3.39967   1.50658            -0.810    -0.450     0.650         6
4 -0.582301   2.95992   3.67887            -1.690    -0.890     1.380         8
5 -0.584401   3.25000   2.97813            -0.210    -1.200    -0.360         7
6  0.803501   3.39967   1.50658             0.800    -0.770    -1.230         6
7 -0.627601   2.95992   3.67887             1.290    -1.490    -2.090         8
8 -0.465200   3.25000   2.97813             1.210     0.550    -1.020         7
9 -0.028000   3.47094   4.64238            -0.970     1.960     1.970        18
10  0.172200   2.51055   0.26278             1.080     2.360    -0.020         1
11  0.358600   1.06908   0.27504            -0.530    -2.160    -0.480         1
12  0.360300   1.06908   0.27504             1.940     0.930    -1.620         1
