mobley_4375719	13.486327	13.10531	#systeme  DGsolv_calc  DGsolv_expt (kJ/mol)
29
#    charge    sigma(Ang)  epsilon(kJ/mol)  x         y         z        Zatomic
1 -0.092400   3.39967   1.91652             0.500    -2.020    -1.290         6
2 -0.079800   3.39967   1.91652             0.820    -1.930     0.200         6
3 -0.079500   3.39967   1.91652             2.020    -2.780     0.610         6
4 -0.078300   3.39967   1.91652             2.330    -2.690     2.110         6
5 -0.078600   3.39967   1.91652             3.540    -3.570     2.470         6
6 -0.078300   3.39967   1.91652             3.860    -3.480     3.970         6
7 -0.079500   3.39967   1.91652             5.060    -4.350     4.330         6
8 -0.079800   3.39967   1.91652             5.380    -4.260     5.820         6
9 -0.092400   3.39967   1.91652             6.570    -5.130     6.190         6
10  0.032500   2.64953   0.27504            -0.360    -1.390    -1.540         1
11  0.032500   2.64953   0.27504             1.360    -1.670    -1.880         1
12  0.032500   2.64953   0.27504             0.280    -3.040    -1.590         1
13  0.038300   2.64953   0.27504             0.990    -0.880     0.470         1
14  0.038300   2.64953   0.27504            -0.060    -2.260     0.760         1
15  0.038900   2.64953   0.27504             1.800    -3.830     0.360         1
16  0.038900   2.64953   0.27504             2.900    -2.490     0.030         1
17  0.039200   2.64953   0.27504             1.460    -3.010     2.690         1
18  0.039200   2.64953   0.27504             2.550    -1.660     2.380         1
19  0.039000   2.64953   0.27504             3.330    -4.610     2.200         1
20  0.039000   2.64953   0.27504             4.410    -3.250     1.890         1
21  0.039200   2.64953   0.27504             4.060    -2.440     4.240         1
22  0.039200   2.64953   0.27504             2.980    -3.800     4.550         1
23  0.038900   2.64953   0.27504             5.930    -4.030     3.750         1
24  0.038900   2.64953   0.27504             4.850    -5.390     4.060         1
25  0.038300   2.64953   0.27504             5.590    -3.220     6.100         1
26  0.038300   2.64953   0.27504             4.510    -4.580     6.410         1
27  0.032500   2.64953   0.27504             6.780    -5.050     7.260         1
28  0.032500   2.64953   0.27504             7.470    -4.810     5.650         1
29  0.032500   2.64953   0.27504             6.380    -6.180     5.960         1
