mobley_9281946	-38.566457	-28.22038	#systeme  DGsolv_calc  DGsolv_expt (kJ/mol)
32
#    charge    sigma(Ang)  epsilon(kJ/mol)  x         y         z        Zatomic
1 -0.122300   3.39967   1.91652             1.650     1.100    -0.140         6
2  0.157600   3.39967   1.91652             0.440     0.490    -0.820         6
3 -0.546601   3.00001   2.97813             0.870    -0.410    -1.830         8
4  1.230201   3.74177   3.50368            -0.230    -1.210    -2.720        15
5 -0.557601   3.56359   4.37960            -1.450    -2.370    -1.740        16
6 -0.546601   3.00001   2.97813             0.740    -1.910    -3.830         8
7  0.157600   3.39967   1.91652             1.750    -2.810    -3.420         6
8 -0.122300   3.39967   1.91652             2.500    -3.320    -4.630         6
9 -0.465300   3.00001   2.97813            -0.880     0.000    -3.570         8
10  0.170300   3.39967   1.50658            -1.880    -0.100    -4.500         6
11 -0.140000   3.39967   1.50658            -2.010    -1.270    -5.260         6
12 -0.051400   3.39967   1.50658            -3.030    -1.370    -6.210         6
13 -0.174700   3.39967   1.50658            -3.920    -0.310    -6.400         6
14 -0.051400   3.39967   1.50658            -3.790     0.850    -5.640         6
15 -0.140000   3.39967   1.50658            -2.770     0.960    -4.700         6
16  0.314900   3.25000   2.97813            -4.950    -0.420    -7.370         7
17 -0.202300   2.95992   3.67887            -5.740     0.550    -7.520         8
18 -0.202300   2.95992   3.67887            -5.050    -1.480    -8.030         8
19  0.056800   2.64953   0.27504             1.350     1.800     0.640         1
20  0.056800   2.64953   0.27504             2.270     0.320     0.300         1
21  0.056800   2.64953   0.27504             2.270     1.630    -0.870         1
22  0.065400   2.47135   0.27504            -0.170     1.270    -1.290         1
23  0.065400   2.47135   0.27504            -0.180    -0.060    -0.100         1
24  0.065400   2.47135   0.27504             2.440    -2.290    -2.740         1
25  0.065400   2.47135   0.27504             1.290    -3.640    -2.880         1
26  0.056800   2.64953   0.27504             3.290    -4.010    -4.350         1
27  0.056800   2.64953   0.27504             1.810    -3.830    -5.320         1
28  0.056800   2.64953   0.27504             2.940    -2.480    -5.190         1
29  0.165700   2.59964   0.26278            -1.330    -2.090    -5.110         1
30  0.179200   2.59964   0.26278            -3.120    -2.290    -6.790         1
31  0.179200   2.59964   0.26278            -4.470     1.690    -5.790         1
32  0.165700   2.59964   0.26278            -2.670     1.870    -4.110         1
