mobley_2725802	-32.788397	-41.0326	#systeme  DGsolv_calc  DGsolv_expt (kJ/mol)
19
#    charge    sigma(Ang)  epsilon(kJ/mol)  x         y         z        Zatomic
1 -0.170600   3.39967   1.91652             0.140    -2.780     4.200         6
2  0.670601   3.39967   1.50658            -0.860    -2.380     3.150         6
3 -0.609201   2.95992   3.67887            -2.060    -2.370     3.410         8
4 -0.493000   3.25000   2.97813            -0.330    -2.040     1.920         7
5  0.097800   3.39967   1.91652             1.090    -2.030     1.550         6
6 -0.092500   3.39967   1.91652             1.080    -1.860     0.040         6
7 -0.092500   3.39967   1.91652            -0.180    -1.060    -0.220         6
8  0.097800   3.39967   1.91652            -1.160    -1.640     0.790         6
9  0.064000   2.64953   0.27504             0.320    -3.860     4.160         1
10  0.064000   2.64953   0.27504            -0.230    -2.520     5.200         1
11  0.064000   2.64953   0.27504             1.090    -2.260     4.040         1
12  0.046300   2.47135   0.27504             1.550    -1.170     2.040         1
13  0.046300   2.47135   0.27504             1.590    -2.950     1.870         1
14  0.053600   2.64953   0.27504             1.990    -1.370    -0.340         1
15  0.053600   2.64953   0.27504             1.000    -2.850    -0.450         1
16  0.053600   2.64953   0.27504            -0.000     0.000    -0.000         1
17  0.053600   2.64953   0.27504            -0.550    -1.140    -1.250         1
18  0.046300   2.47135   0.27504            -1.930    -0.920     1.110         1
19  0.046300   2.47135   0.27504            -1.660    -2.540     0.410         1
