mobley_667278	-3.370535	-18.4228	#systeme  DGsolv_calc  DGsolv_expt (kJ/mol)
22
#    charge    sigma(Ang)  epsilon(kJ/mol)  x         y         z        Zatomic
1 -0.091500   3.39967   1.50658             1.890    -1.040    -0.110         6
2 -0.120700   3.39967   1.50658             2.920    -1.630     0.610         6
3  0.030900   3.39967   1.50658             2.880    -1.650     2.000         6
4  0.013100   3.39967   1.50658             1.800    -1.080     2.680         6
5  0.044200   3.39967   1.50658             0.760    -0.480     1.960         6
6 -0.039700   3.39967   1.50658             0.810    -0.460     0.560         6
7 -0.025800   3.39967   1.50658            -0.240     0.140    -0.240         6
8 -0.092400   3.39967   1.50658            -0.120     1.490    -0.560         6
9  0.018500   3.39967   1.50658            -1.100     2.120    -1.330         6
10  0.027800   3.39967   1.50658            -2.210     1.400    -1.770         6
11  0.018800   3.39967   1.50658            -2.330     0.050    -1.450         6
12  0.040100   3.39967   1.50658            -1.350    -0.580    -0.680         6
13 -0.041300   3.47094   4.64238            -1.490    -2.270    -0.260        18
14 -0.035200   3.47094   4.64238            -3.720    -0.860    -2.000        18
15 -0.033200   3.47094   4.64238            -3.420     2.200    -2.730        18
16 -0.051100   3.47094   4.64238            -0.870     3.800    -1.690        18
17 -0.046700   3.47094   4.64238            -0.590     0.240     2.780        18
18 -0.039400   3.47094   4.64238             1.760    -1.110     4.420        18
19 -0.055500   3.47094   4.64238             4.200    -2.410     2.830        18
20  0.154800   2.59964   0.26278             1.940    -1.030    -1.200         1
21  0.158200   2.59964   0.26278             3.750    -2.070     0.070         1
22  0.166100   2.59964   0.26278             0.750     2.060    -0.220         1
