mobley_3187514	-22.295775	-23.15411	#systeme  DGsolv_calc  DGsolv_expt (kJ/mol)
17
#    charge    sigma(Ang)  epsilon(kJ/mol)  x         y         z        Zatomic
1 -0.049900   3.39967   1.91652             1.960    -1.030    -1.610         6
2 -0.136800   3.39967   1.50658             1.890    -1.040    -0.110         6
3 -0.093500   3.39967   1.50658             2.920    -1.630     0.610         6
4 -0.170200   3.39967   1.50658             2.880    -1.650     2.000         6
5 -0.096500   3.39967   1.50658             1.800    -1.080     2.680         6
6 -0.190400   3.39967   1.50658             0.760    -0.480     1.960         6
7  0.141800   3.39967   1.50658             0.810    -0.460     0.560         6
8 -0.823301   3.25000   2.97813            -0.250     0.140    -0.150         7
9  0.041000   2.64953   0.27504             2.470    -0.130    -1.950         1
10  0.041000   2.64953   0.27504             2.500    -1.910    -1.980         1
11  0.041000   2.64953   0.27504             0.950    -1.050    -2.040         1
12  0.128800   2.59964   0.26278             3.770    -2.080     0.090         1
13  0.130200   2.59964   0.26278             3.690    -2.120     2.560         1
14  0.128400   2.59964   0.26278             1.770    -1.100     3.760         1
15  0.129200   2.59964   0.26278            -0.070    -0.040     2.490         1
16  0.389600   1.06908   0.27504            -0.200     0.200    -1.150         1
17  0.389600   1.06908   0.27504            -0.990     0.590     0.360         1
