mobley_4603202	-9.412376	-17.71101	#systeme  DGsolv_calc  DGsolv_expt (kJ/mol)
15
#    charge    sigma(Ang)  epsilon(kJ/mol)  x         y         z        Zatomic
1  0.119400   3.39967   1.91652            -0.780    -0.250    -0.730         6
2  0.030300   3.39967   1.91652             0.270     0.060     0.330         6
3 -0.182100   3.47094   4.64238             1.350    -1.330     0.560        18
4 -0.423200   3.00001   2.97813            -0.150    -0.550    -1.960         8
5  0.119400   3.39967   1.91652            -1.100    -0.840    -2.980         6
6  0.030300   3.39967   1.91652            -0.380    -1.150    -4.280         6
7 -0.182100   3.47094   4.64238             0.600     0.230    -4.810        18
8  0.043600   2.47135   0.27504            -1.410    -1.090    -0.430         1
9  0.043600   2.47135   0.27504            -1.420     0.630    -0.880         1
10  0.078400   2.47135   0.27504             0.890     0.910     0.030         1
11  0.078400   2.47135   0.27504            -0.200     0.280     1.290         1
12  0.043600   2.47135   0.27504            -1.780     0.010    -3.090         1
13  0.043600   2.47135   0.27504            -1.680    -1.710    -2.650         1
14  0.078400   2.47135   0.27504             0.290    -2.010    -4.160         1
15  0.078400   2.47135   0.27504            -1.100    -1.370    -5.070         1
