mobley_9460824	-26.909849	-18.29719	#systeme  DGsolv_calc  DGsolv_expt (kJ/mol)
30
#    charge    sigma(Ang)  epsilon(kJ/mol)  x         y         z        Zatomic
1 -0.095700   3.39967   1.91652            -2.030     2.250    -2.130         6
2  0.135800   3.39967   1.91652            -0.640     2.280    -1.520         6
3 -0.482100   3.00001   2.97813            -0.680     1.680    -0.230         8
4  0.842501   3.74177   3.50368             0.670     1.570     0.670        15
5 -0.487300   3.56359   4.37960             1.490     3.310     1.080        16
6 -0.482100   3.00001   2.97813             0.060     0.840     2.000         8
7  0.135800   3.39967   1.91652            -0.970     1.450     2.750         6
8 -0.095700   3.39967   1.91652            -1.340     0.540     3.910         6
9 -0.345000   3.56359   4.37960             1.910     0.100    -0.240        16
10  0.157300   3.39967   1.91652             0.930    -1.420    -0.220         6
11 -0.203300   3.56359   4.37960             1.840    -2.800    -0.960        16
12 -0.028300   3.39967   1.91652             0.590    -4.090    -0.770         6
13 -0.084000   3.39967   1.91652             1.090    -5.410    -1.320         6
14  0.056800   2.64953   0.27504            -2.030     2.700    -3.120         1
15  0.056800   2.64953   0.27504            -2.390     1.220    -2.210         1
16  0.056800   2.64953   0.27504            -2.740     2.790    -1.490         1
17  0.064200   2.47135   0.27504            -0.280     3.310    -1.420         1
18  0.064200   2.47135   0.27504             0.070     1.720    -2.140         1
19  0.064200   2.47135   0.27504            -0.610     2.420     3.120         1
20  0.064200   2.47135   0.27504            -1.840     1.610     2.110         1
21  0.056800   2.64953   0.27504            -2.130     0.990     4.520         1
22  0.056800   2.64953   0.27504            -1.670    -0.430     3.550         1
23  0.056800   2.64953   0.27504            -0.460     0.360     4.550         1
24  0.086300   2.29317   0.27504            -0.000    -1.250    -0.770         1
25  0.086300   2.29317   0.27504             0.680    -1.670     0.820         1
26  0.059100   2.47135   0.27504             0.350    -4.200     0.300         1
27  0.059100   2.47135   0.27504            -0.330    -3.790    -1.290         1
28  0.047900   2.64953   0.27504             0.340    -6.200    -1.210         1
29  0.047900   2.64953   0.27504             1.350    -5.330    -2.380         1
30  0.047900   2.64953   0.27504             1.990    -5.730    -0.790         1
