mobley_4287564	-14.658687	-19.38581	#systeme  DGsolv_calc  DGsolv_expt (kJ/mol)
14
#    charge    sigma(Ang)  epsilon(kJ/mol)  x         y         z        Zatomic
1 -0.150700   3.39967   1.91652             0.980    -2.130     4.760         6
2  0.411400   3.39967   1.50658             0.730    -1.520     3.420         6
3 -0.247900   3.39967   1.50658             1.650    -0.620     2.900         6
4 -0.089600   3.39967   1.50658             1.390    -0.070     1.650         6
5 -0.254000   3.39967   1.50658             0.230    -0.420     0.970         6
6  0.399700   3.39967   1.50658            -0.630    -1.320     1.580         6
7 -0.670201   3.25000   2.97813            -0.410    -1.880     2.790         7
8  0.053200   2.64953   0.27504             1.540    -3.060     4.640         1
9  0.053200   2.64953   0.27504             1.550    -1.450     5.400         1
10  0.053200   2.64953   0.27504             0.040    -2.350     5.270         1
11  0.142100   2.59964   0.26278             2.550    -0.360     3.440         1
12  0.136400   2.59964   0.26278             2.090     0.640     1.210         1
13  0.142100   2.59964   0.26278             0.000    -0.000    -0.000         1
14  0.021100   2.51055   0.26278            -1.550    -1.630     1.090         1
