mobley_2972345	-18.020848	-15.82686	#systeme  DGsolv_calc  DGsolv_expt (kJ/mol)
26
#    charge    sigma(Ang)  epsilon(kJ/mol)  x         y         z        Zatomic
1 -0.129400   3.39967   1.50658             2.050    -0.110    -0.640         6
2 -0.129200   3.39967   1.50658             0.700     0.180    -0.810         6
3 -0.128500   3.39967   1.50658             0.250     0.680    -2.030         6
4 -0.068100   3.39967   1.50658             1.140     0.920    -3.080         6
5 -0.068100   3.39967   1.50658             2.510     0.630    -2.910         6
6 -0.128500   3.39967   1.50658             2.950     0.120    -1.680         6
7  0.008800   3.39967   1.91652             3.500     0.830    -4.030         6
8 -0.068100   3.39967   1.50658             3.020     1.730    -5.140         6
9 -0.128500   3.39967   1.50658             3.960     2.260    -6.040         6
10 -0.129200   3.39967   1.50658             3.550     3.080    -7.100         6
11 -0.129200   3.39967   1.50658             2.200     3.360    -7.270         6
12 -0.128500   3.39967   1.50658             1.260     2.830    -6.390         6
13 -0.068100   3.39967   1.50658             1.660     2.020    -5.310         6
14  0.008800   3.39967   1.91652             0.620     1.430    -4.400         6
15  0.131450   2.59964   0.26278             2.410    -0.510     0.310         1
16  0.131450   2.59964   0.26278            -0.000    -0.000    -0.000         1
17  0.129500   2.59964   0.26278            -0.810     0.890    -2.150         1
18  0.129500   2.59964   0.26278             4.000    -0.120    -1.530         1
19  0.060500   2.64953   0.27504             4.410     1.260    -3.610         1
20  0.060500   2.64953   0.27504             3.730    -0.150    -4.460         1
21  0.129500   2.59964   0.26278             5.020     2.040    -5.920         1
22  0.131450   2.59964   0.26278             4.290     3.480    -7.790         1
23  0.131450   2.59964   0.26278             1.880     3.990    -8.090         1
24  0.129500   2.59964   0.26278             0.200     3.050    -6.540         1
25  0.060500   2.64953   0.27504            -0.130     2.210    -4.190         1
26  0.060500   2.64953   0.27504             0.120     0.600    -4.920         1
