mobley_7142697	-11.870145	-17.12483	#systeme  DGsolv_calc  DGsolv_expt (kJ/mol)
19
#    charge    sigma(Ang)  epsilon(kJ/mol)  x         y         z        Zatomic
1 -0.092400   3.39967   1.91652            -0.000    -0.640     0.890         6
2 -0.080200   3.39967   1.91652             1.270    -0.450     1.700         6
3 -0.074900   3.39967   1.91652             2.510    -0.810     0.880         6
4 -0.122300   3.39967   1.91652             3.790    -0.620     1.700         6
5  0.151800   3.39967   1.91652             5.030    -0.970     0.890         6
6 -0.906601   3.25000   2.97813             6.230    -0.790     1.660         7
7  0.033400   2.64953   0.27504            -0.880    -0.380     1.490         1
8  0.033400   2.64953   0.27504            -0.000     0.000     0.000         1
9  0.033400   2.64953   0.27504            -0.110    -1.680     0.560         1
10  0.037800   2.64953   0.27504             1.220    -1.080     2.600         1
11  0.037800   2.64953   0.27504             1.330     0.590     2.040         1
12  0.040800   2.64953   0.27504             2.550    -0.180    -0.010         1
13  0.040800   2.64953   0.27504             2.440    -1.850     0.540         1
14  0.037700   2.64953   0.27504             3.750    -1.240     2.600         1
15  0.037700   2.64953   0.27504             3.860     0.420     2.050         1
16  0.051600   2.47135   0.27504             5.110    -0.340     0.000         1
17  0.051600   2.47135   0.27504             5.000    -2.020     0.570         1
18  0.344300   1.06908   0.27504             6.530    -1.530     2.270         1
19  0.344300   1.06908   0.27504             6.640     0.120     1.720         1
