mobley_8208692	-0.163293	-19.30207	#systeme  DGsolv_calc  DGsolv_expt (kJ/mol)
22
#    charge    sigma(Ang)  epsilon(kJ/mol)  x         y         z        Zatomic
1 -0.084900   3.39967   1.50658             1.890    -1.040    -0.110         6
2 -0.028900   3.39967   1.50658             2.920    -1.630     0.610         6
3  0.047100   3.39967   1.50658             2.880    -1.650     2.000         6
4  0.018500   3.39967   1.50658             1.800    -1.080     2.680         6
5  0.031200   3.39967   1.50658             0.760    -0.480     1.960         6
6  0.018100   3.39967   1.50658             0.810    -0.460     0.560         6
7 -0.050600   3.47094   4.64238            -0.440     0.250    -0.400        18
8 -0.033700   3.47094   4.64238            -0.590     0.240     2.780        18
9 -0.034500   3.47094   4.64238             1.750    -1.110     4.420        18
10 -0.040200   3.47094   4.64238             4.180    -2.400     2.880        18
11 -0.034800   3.39967   1.50658             4.020    -2.210    -0.140         6
12  0.048100   3.39967   1.50658             3.950    -3.550    -0.530         6
13 -0.119200   3.39967   1.50658             5.000    -4.120    -1.260         6
14  0.037900   3.39967   1.50658             6.120    -3.350    -1.590         6
15  0.009900   3.39967   1.50658             6.180    -2.010    -1.200         6
16  0.049300   3.39967   1.50658             5.130    -1.440    -0.480         6
17 -0.036900   3.47094   4.64238             5.210     0.230     0.020        18
18 -0.033600   3.47094   4.64238             7.580    -1.060    -1.620        18
19 -0.047400   3.47094   4.64238             7.380    -4.130    -2.490        18
20 -0.053500   3.47094   4.64238             2.600    -4.560    -0.160        18
21  0.166400   2.59964   0.26278             1.920    -1.020    -1.200         1
22  0.171700   2.59964   0.26278             4.950    -5.160    -1.560         1
