mobley_5973402	-13.553319	-18.50654	#systeme  DGsolv_calc  DGsolv_expt (kJ/mol)
18
#    charge    sigma(Ang)  epsilon(kJ/mol)  x         y         z        Zatomic
1 -0.090700   3.39967   1.91652             0.200    -1.080     0.010         6
2 -0.065000   3.39967   1.91652            -0.690    -1.820    -1.000         6
3 -0.090700   3.39967   1.91652            -2.160    -1.640    -0.620         6
4 -0.081200   3.39967   1.91652            -0.380    -1.320    -2.420         6
5  0.132900   3.39967   1.91652             1.060    -1.540    -2.850         6
6 -0.604501   3.06647   3.68587             1.230    -1.050    -4.170         8
7  0.034400   2.64953   0.27504             1.260    -1.190    -0.240         1
8  0.034400   2.64953   0.27504             0.050    -1.460     1.030         1
9  0.034400   2.64953   0.27504            -0.030    -0.010     0.010         1
10  0.044100   2.64953   0.27504            -0.440    -2.880    -0.930         1
11  0.034400   2.64953   0.27504            -2.810    -2.160    -1.330         1
12  0.034400   2.64953   0.27504            -2.430    -0.580    -0.620         1
13  0.034400   2.64953   0.27504            -2.360    -2.020     0.390         1
14  0.054600   2.64953   0.27504            -0.600    -0.250    -2.490         1
15  0.054600   2.64953   0.27504            -1.050    -1.810    -3.140         1
16  0.020800   2.47135   0.27504             1.750    -1.000    -2.190         1
17  0.020800   2.47135   0.27504             1.330    -2.610    -2.850         1
18  0.397900   0.00000   0.00000             2.150    -1.210    -4.420         1
