mobley_4483973	-0.171667	-3.3496	#systeme  DGsolv_calc  DGsolv_expt (kJ/mol)
12
#    charge    sigma(Ang)  epsilon(kJ/mol)  x         y         z        Zatomic
1 -0.145000   3.39967   1.50658             1.890    -1.040    -0.110         6
2 -0.105300   3.39967   1.50658             2.920    -1.630     0.610         6
3 -0.165500   3.39967   1.50658             2.880    -1.650     2.000         6
4  0.123700   3.39967   1.50658             1.800    -1.080     2.680         6
5 -0.165500   3.39967   1.50658             0.760    -0.480     1.960         6
6 -0.105300   3.39967   1.50658             0.810    -0.460     0.560         6
7 -0.142400   3.11815   1.06862             1.760    -1.100     4.010        10
8  0.135900   2.59964   0.26278             1.920    -1.020    -1.200         1
9  0.136800   2.59964   0.26278             3.760    -2.080     0.080         1
10  0.147900   2.59964   0.26278             3.690    -2.120     2.560         1
11  0.147900   2.59964   0.26278            -0.080    -0.040     2.480         1
12  0.136800   2.59964   0.26278            -0.000    -0.000     0.000         1
