mobley_9507933	-13.251855	-19.76264	#systeme  DGsolv_calc  DGsolv_expt (kJ/mol)
17
#    charge    sigma(Ang)  epsilon(kJ/mol)  x         y         z        Zatomic
1 -0.049400   3.39967   1.91652             2.890    -0.270     3.650         6
2 -0.198900   3.39967   1.50658             1.650    -0.620     2.900         6
3 -0.092800   3.39967   1.50658             1.390    -0.070     1.650         6
4 -0.244400   3.39967   1.50658             0.230    -0.420     0.970         6
5  0.406400   3.39967   1.50658            -0.630    -1.320     1.580         6
6 -0.666601   3.25000   2.97813            -0.410    -1.880     2.790         7
7  0.400300   3.39967   1.50658             0.730    -1.520     3.420         6
8 -0.149200   3.39967   1.91652            -1.890    -1.720     0.880         6
9  0.045900   2.64953   0.27504             3.690    -0.960     3.390         1
10  0.045900   2.64953   0.27504             3.200     0.750     3.420         1
11  0.045900   2.64953   0.27504             2.710    -0.320     4.730         1
12  0.136700   2.59964   0.26278             2.080     0.640     1.200         1
13  0.141100   2.59964   0.26278             0.010     0.010    -0.000         1
14  0.021000   2.51055   0.26278             0.880    -1.980     4.390         1
15  0.052700   2.64953   0.27504            -1.710    -2.600     0.250         1
16  0.052700   2.64953   0.27504            -2.680    -1.960     1.600         1
17  0.052700   2.64953   0.27504            -2.260    -0.910     0.250         1
