mobley_4043987	12.117178	12.26791	#systeme  DGsolv_calc  DGsolv_expt (kJ/mol)
23
#    charge    sigma(Ang)  epsilon(kJ/mol)  x         y         z        Zatomic
1 -0.091800   3.39967   1.91652            -0.520     0.630    -0.870         6
2 -0.080800   3.39967   1.91652            -1.570     1.550    -0.260         6
3 -0.079200   3.39967   1.91652            -2.630     0.760     0.510         6
4 -0.073700   3.39967   1.91652            -3.680     1.690     1.120         6
5 -0.067300   3.39967   1.91652            -4.780     0.940     1.900         6
6 -0.090200   3.39967   1.91652            -4.150     0.150     3.050         6
7 -0.090200   3.39967   1.91652            -5.850     1.890     2.450         6
8  0.032800   2.64953   0.27504             0.230     1.220    -1.410         1
9  0.032800   2.64953   0.27504            -0.000     0.060    -0.090         1
10  0.032800   2.64953   0.27504            -0.970    -0.070    -1.570         1
11  0.037400   2.64953   0.27504            -2.040     2.130    -1.050         1
12  0.037400   2.64953   0.27504            -1.080     2.260     0.420         1
13  0.039500   2.64953   0.27504            -3.100     0.050    -0.180         1
14  0.039500   2.64953   0.27504            -2.150     0.170     1.300         1
15  0.038800   2.64953   0.27504            -3.180     2.390     1.790         1
16  0.038800   2.64953   0.27504            -4.140     2.290     0.320         1
17  0.044800   2.64953   0.27504            -5.270     0.220     1.230         1
18  0.033100   2.64953   0.27504            -4.910    -0.390     3.630         1
19  0.033100   2.64953   0.27504            -3.430    -0.580     2.680         1
20  0.033100   2.64953   0.27504            -3.620     0.820     3.740         1
21  0.033100   2.64953   0.27504            -6.620     1.340     3.000         1
22  0.033100   2.64953   0.27504            -6.340     2.430     1.640         1
23  0.033100   2.64953   0.27504            -5.420     2.630     3.120         1
