mobley_6843802	-12.741041	-5.40123	#systeme  DGsolv_calc  DGsolv_expt (kJ/mol)
19
#    charge    sigma(Ang)  epsilon(kJ/mol)  x         y         z        Zatomic
1 -0.148700   3.39967   1.50658             1.890    -1.040    -0.110         6
2 -0.102700   3.39967   1.50658             2.920    -1.630     0.610         6
3 -0.164200   3.39967   1.50658             2.880    -1.650     2.000         6
4  0.110300   3.39967   1.50658             1.800    -1.080     2.680         6
5 -0.164200   3.39967   1.50658             0.760    -0.480     1.960         6
6 -0.102700   3.39967   1.50658             0.810    -0.460     0.560         6
7 -0.348900   3.00001   2.97813             1.760    -1.100     4.040         8
8  0.319000   3.39967   1.91652             3.000    -1.080     4.740         6
9  0.084300   2.29317   0.27504             3.780    -0.550     4.180         1
10  0.388100   3.39967   1.91652             2.800    -0.420     6.080         6
11 -0.226600   3.11815   1.06862             3.970    -0.400     6.760        10
12 -0.226600   3.11815   1.06862             1.930    -1.160     6.820        10
13 -0.217900   3.11815   1.06862             3.400    -2.370     4.950        10
14  0.139000   2.59964   0.26278             1.920    -1.020    -1.200         1
15  0.136200   2.59964   0.26278             3.760    -2.080     0.080         1
16  0.149300   2.59964   0.26278             3.690    -2.120     2.560         1
17  0.149300   2.59964   0.26278            -0.080    -0.040     2.470         1
18  0.136200   2.59964   0.26278            -0.000     0.000     0.000         1
19  0.090800   2.29317   0.27504             2.410     0.600     6.000         1
