mobley_1160109	-14.001328	-15.70125	#systeme  DGsolv_calc  DGsolv_expt (kJ/mol)
27
#    charge    sigma(Ang)  epsilon(kJ/mol)  x         y         z        Zatomic
1 -0.084400   3.39967   1.91652             0.960     0.680    -2.530         6
2 -0.161900   3.39967   1.91652             0.610    -0.100    -1.260         6
3  0.068300   2.64953   0.27504             1.240    -0.990    -1.220         1
4 -0.071700   3.39967   1.91652            -0.860    -0.510    -1.270         6
5 -0.078600   3.39967   1.91652            -1.260    -1.230     0.020         6
6 -0.023100   3.39967   1.91652            -0.990    -0.350     1.250         6
7  0.059400   2.64953   0.27504            -1.600     0.560     1.160         1
8 -0.177100   3.39967   1.91652             0.490     0.070     1.310         6
9  0.568001   3.39967   1.50658             0.910     0.710    -0.000         6
10 -0.530001   2.95992   3.67887             1.530     1.770    -0.020         8
11 -0.107200   3.39967   1.50658            -1.390    -1.050     2.500         6
12 -0.223900   3.39967   1.50658            -0.850    -2.230     2.860         6
13 -0.063800   3.39967   1.91652            -2.440    -0.380     3.330         6
14  0.043800   2.64953   0.27504             0.350     1.590    -2.600         1
15  0.043800   2.64953   0.27504             2.020     0.980    -2.510         1
16  0.043800   2.64953   0.27504             0.790     0.070    -3.420         1
17  0.048700   2.64953   0.27504            -1.500     0.380    -1.400         1
18  0.048700   2.64953   0.27504            -1.060    -1.170    -2.130         1
19  0.047900   2.64953   0.27504            -2.330    -1.480    -0.030         1
20  0.047900   2.64953   0.27504            -0.710    -2.170     0.100         1
21  0.071500   2.64953   0.27504             0.650     0.790     2.120         1
22  0.071500   2.64953   0.27504             1.140    -0.790     1.490         1
23  0.113500   2.59964   0.26278            -1.150    -2.730     3.780         1
24  0.113500   2.59964   0.26278            -0.090    -2.710     2.260         1
25  0.043800   2.64953   0.27504            -3.440    -0.710     3.030         1
26  0.043800   2.64953   0.27504            -2.300    -0.630     4.390         1
27  0.043800   2.64953   0.27504            -2.410     0.710     3.240         1
