mobley_4609460	-39.923045	-38.5204	#systeme  DGsolv_calc  DGsolv_expt (kJ/mol)
22
#    charge    sigma(Ang)  epsilon(kJ/mol)  x         y         z        Zatomic
1 -0.100100   3.39967   1.91652            -0.880    -1.030    -3.910         6
2  0.135500   3.39967   1.91652             0.580    -1.010    -3.510         6
3 -0.439700   3.00001   2.97813             0.670    -1.030    -2.080         8
4  0.651801   3.39967   1.50658             1.930    -1.010    -1.570         6
5 -0.541901   2.95992   3.67887             2.970    -0.990    -2.200         8
6 -0.170600   3.39967   1.50658             1.890    -1.040    -0.110         6
7 -0.036200   3.39967   1.50658             2.920    -1.630     0.610         6
8 -0.202700   3.39967   1.50658             2.880    -1.650     2.000         6
9  0.156300   3.39967   1.50658             1.800    -1.080     2.680         6
10 -0.202700   3.39967   1.50658             0.760    -0.480     1.960         6
11 -0.036200   3.39967   1.50658             0.810    -0.460     0.560         6
12 -0.490600   3.06647   3.68587             1.760    -1.100     4.040         8
13  0.047200   2.64953   0.27504            -0.980    -1.020    -5.000         1
14  0.047200   2.64953   0.27504            -1.370    -1.930    -3.520         1
15  0.047200   2.64953   0.27504            -1.400    -0.170    -3.500         1
16  0.050300   2.47135   0.27504             1.070    -0.110    -3.880         1
17  0.050300   2.47135   0.27504             1.110    -1.890    -3.900         1
18  0.156500   2.59964   0.26278             3.770    -2.080     0.090         1
19  0.148900   2.59964   0.26278             3.690    -2.120     2.560         1
20  0.148900   2.59964   0.26278            -0.080    -0.040     2.470         1
21  0.156500   2.59964   0.26278            -0.010     0.000     0.010         1
22  0.424100   0.00000   0.00000             2.540    -1.540     4.390         1
