mobley_3573480	-12.330715	-12.72848	#systeme  DGsolv_calc  DGsolv_expt (kJ/mol)
22
#    charge    sigma(Ang)  epsilon(kJ/mol)  x         y         z        Zatomic
1 -0.092100   3.39967   1.91652            -3.290     0.410     5.950         6
2 -0.079800   3.39967   1.91652            -2.730     1.170     4.760         6
3 -0.077600   3.39967   1.91652            -1.400     0.580     4.300         6
4 -0.075600   3.39967   1.91652            -0.840     1.350     3.100         6
5 -0.180500   3.39967   1.91652             0.490     0.780     2.610         6
6  0.563201   3.39967   1.50658             1.060     1.530     1.430         6
7 -0.532701   2.95992   3.67887             0.470     2.500     0.940         8
8 -0.204100   3.39967   1.91652             2.380     1.070     0.870         6
9  0.033000   2.64953   0.27504            -4.250     0.850     6.280         1
10  0.033000   2.64953   0.27504            -3.470    -0.630     5.690         1
11  0.033000   2.64953   0.27504            -2.600     0.440     6.800         1
12  0.040800   2.64953   0.27504            -2.590     2.230     5.040         1
13  0.040800   2.64953   0.27504            -3.460     1.150     3.940         1
14  0.036700   2.64953   0.27504            -1.550    -0.470     4.030         1
15  0.036700   2.64953   0.27504            -0.680     0.600     5.120         1
16  0.054500   2.64953   0.27504            -1.570     1.350     2.290         1
17  0.054500   2.64953   0.27504            -0.680     2.400     3.390         1
18  0.063600   2.64953   0.27504             0.380    -0.280     2.330         1
19  0.063600   2.64953   0.27504             1.230     0.810     3.420         1
20  0.063000   2.64953   0.27504             2.210     0.320     0.100         1
21  0.063000   2.64953   0.27504             2.930     1.920     0.460         1
22  0.063000   2.64953   0.27504             2.980     0.630     1.670         1
