mobley_6973347	-15.680315	-12.30978	#systeme  DGsolv_calc  DGsolv_expt (kJ/mol)
14
#    charge    sigma(Ang)  epsilon(kJ/mol)  x         y         z        Zatomic
1 -0.099800   3.39967   1.91652            -1.890     1.860    -3.720         6
2  0.135300   3.39967   1.91652            -2.590     0.810    -2.890         6
3 -0.441700   3.00001   2.97813            -1.920     0.690    -1.630         8
4  0.630601   3.39967   1.50658            -2.440    -0.230    -0.770         6
5 -0.544101   2.95992   3.67887            -3.420    -0.940    -0.980         8
6 -0.151300   3.39967   1.91652            -1.640    -0.250     0.490         6
7  0.047400   2.64953   0.27504            -2.380     1.980    -4.690         1
8  0.047400   2.64953   0.27504            -1.900     2.830    -3.210         1
9  0.047400   2.64953   0.27504            -0.840     1.600    -3.890         1
10  0.050700   2.47135   0.27504            -2.560    -0.160    -3.400         1
11  0.050700   2.47135   0.27504            -3.630     1.090    -2.710         1
12  0.075800   2.64953   0.27504            -2.060     0.470     1.210         1
13  0.075800   2.64953   0.27504            -0.600    -0.010     0.280         1
14  0.075800   2.64953   0.27504            -1.690    -1.240     0.940         1
