mobley_7378987	-73.779127	-52.92368	#systeme  DGsolv_calc  DGsolv_expt (kJ/mol)
24
#    charge    sigma(Ang)  epsilon(kJ/mol)  x         y         z        Zatomic
1  0.014300   3.39967   1.91652             6.050     2.950    -1.730         6
2 -0.148300   3.25000   2.97813             4.970     2.080    -1.320         7
3  0.438800   3.39967   1.50658             5.110     0.780    -0.930         6
4 -0.683601   3.25000   2.97813             3.960     0.230    -0.600         7
5  0.484500   3.39967   1.50658             3.040     1.240    -0.800         6
6 -0.345700   3.39967   1.50658             3.640     2.380    -1.240         6
7  0.762701   3.39967   1.50658             2.950     3.600    -1.530         6
8 -0.628201   2.95992   3.67887             3.510     4.620    -1.920         8
9 -0.482700   3.25000   2.97813             1.560     3.470    -1.300         7
10  0.812201   3.39967   1.50658             0.860     2.290    -0.840         6
11 -0.637401   2.95992   3.67887            -0.360     2.280    -0.680         8
12 -0.415100   3.25000   2.97813             1.670     1.160    -0.590         7
13  0.089700   3.39967   1.91652             1.070    -0.090    -0.120         6
14  0.080200   3.39967   1.91652             0.720     4.640    -1.560         6
15  0.069000   2.47135   0.27504             6.430     3.470    -0.840         1
16  0.069000   2.47135   0.27504             6.840     2.360    -2.200         1
17  0.069000   2.47135   0.27504             5.670     3.680    -2.460         1
18  0.070900   2.42146   0.26278             6.070     0.280    -0.900         1
19  0.063200   2.47135   0.27504             0.800    -0.690    -0.980         1
20  0.063200   2.47135   0.27504             0.190     0.140     0.460         1
21  0.063200   2.47135   0.27504             1.790    -0.620     0.490         1
22  0.063700   2.47135   0.27504             0.390     4.610    -2.590         1
23  0.063700   2.47135   0.27504             1.300     5.530    -1.380         1
24  0.063700   2.47135   0.27504            -0.140     4.610    -0.900         1
