mobley_8764620	-23.371834	-28.26225	#systeme  DGsolv_calc  DGsolv_expt (kJ/mol)
12
#    charge    sigma(Ang)  epsilon(kJ/mol)  x         y         z        Zatomic
1 -0.249500   3.39967   1.50658             1.650    -0.620     2.900         6
2 -0.056300   3.39967   1.50658             1.390    -0.070     1.650         6
3 -0.135900   3.39967   1.50658             0.230    -0.420     0.970         6
4  0.436400   3.39967   1.50658            -0.630    -1.320     1.580         6
5 -0.664401   3.25000   2.97813            -0.410    -1.880     2.790         7
6  0.415900   3.39967   1.50658             0.730    -1.520     3.420         6
7  0.235000   3.39967   3.67887            -0.070     0.130    -0.310         6
8 -0.351800   3.25000   2.97813            -0.320     0.580    -1.350         7
9  0.153800   2.59964   0.26278             2.550    -0.360     3.450         1
10  0.150800   2.59964   0.26278             2.100     0.640     1.220         1
11  0.036600   2.51055   0.26278            -1.550    -1.640     1.100         1
12  0.029400   2.51055   0.26278             0.890    -1.980     4.390         1
