mobley_9624458	-1.741792	-7.91343	#systeme  DGsolv_calc  DGsolv_expt (kJ/mol)
11
#    charge    sigma(Ang)  epsilon(kJ/mol)  x         y         z        Zatomic
1 -0.099000   3.39967   1.91652            -0.160    -0.110     0.620         6
2  0.034100   3.39967   1.91652             0.990     0.820     0.230         6
3 -0.196300   3.47094   4.64238             0.440     2.180    -0.770        18
4  0.034100   3.39967   1.91652            -0.910    -0.760    -0.540         6
5 -0.196300   3.47094   4.64238             0.160    -1.760    -1.550        18
6  0.064100   2.64953   0.27504             0.240    -0.900     1.270         1
7  0.064100   2.64953   0.27504            -0.880     0.450     1.230         1
8  0.073800   2.47135   0.27504             1.440     1.240     1.130         1
9  0.073800   2.47135   0.27504             1.770     0.290    -0.320         1
10  0.073800   2.47135   0.27504            -1.380    -0.020    -1.190         1
11  0.073800   2.47135   0.27504            -1.690    -1.420    -0.160         1
