mobley_8127829	-2.537322	-3.30773	#systeme  DGsolv_calc  DGsolv_expt (kJ/mol)
18
#    charge    sigma(Ang)  epsilon(kJ/mol)  x         y         z        Zatomic
1 -0.088900   3.39967   1.91652             2.630     0.230    -2.130         6
2 -0.039400   3.39967   1.91652             1.930    -1.010    -1.600         6
3 -0.076800   3.39967   1.50658             1.890    -1.040    -0.110         6
4 -0.127600   3.39967   1.50658             2.920    -1.630     0.610         6
5 -0.128300   3.39967   1.50658             2.880    -1.650     2.000         6
6 -0.133900   3.39967   1.50658             1.800    -1.080     2.680         6
7 -0.128300   3.39967   1.50658             0.760    -0.480     1.960         6
8 -0.127600   3.39967   1.50658             0.810    -0.460     0.560         6
9  0.036200   2.64953   0.27504             2.660     0.240    -3.220         1
10  0.036200   2.64953   0.27504             3.660     0.270    -1.760         1
11  0.036200   2.64953   0.27504             2.120     1.140    -1.800         1
12  0.045800   2.64953   0.27504             2.440    -1.910    -1.970         1
13  0.045800   2.64953   0.27504             0.910    -1.060    -2.000         1
14  0.130700   2.59964   0.26278             3.770    -2.080     0.090         1
15  0.129600   2.59964   0.26278             3.690    -2.120     2.560         1
16  0.130000   2.59964   0.26278             1.770    -1.100     3.760         1
17  0.129600   2.59964   0.26278            -0.080    -0.040     2.480         1
18  0.130700   2.59964   0.26278            -0.010     0.000     0.010         1
