mobley_1717215	-16.865236	-11.63986	#systeme  DGsolv_calc  DGsolv_expt (kJ/mol)
8
#    charge    sigma(Ang)  epsilon(kJ/mol)  x         y         z        Zatomic
1  0.123500   3.39967   1.91652             0.350    -1.030     0.070         6
2 -0.449900   3.00001   2.97813             1.580    -1.190    -0.650         8
3  0.627701   3.39967   1.50658             1.510    -0.940    -1.980         6
4 -0.538001   2.95992   3.67887             0.530    -0.590    -2.620         8
5  0.051700   2.47135   0.27504             0.510    -1.260     1.130         1
6  0.051700   2.47135   0.27504            -0.410    -1.710    -0.350         1
7  0.051700   2.47135   0.27504             0.010    -0.000    -0.030         1
8  0.081600   2.42146   0.26278             2.510    -1.090    -2.410         1
