mobley_7364468	-17.116456	-21.68866	#systeme  DGsolv_calc  DGsolv_expt (kJ/mol)
24
#    charge    sigma(Ang)  epsilon(kJ/mol)  x         y         z        Zatomic
1 -0.074100   3.39967   1.91652             0.140    -2.710     1.080         6
2 -0.036700   3.39967   1.50658             0.980    -1.470     1.160         6
3 -0.262400   3.39967   1.50658             1.710    -1.200     2.260         6
4  0.568001   3.39967   1.50658             2.490     0.050     2.350         6
5 -0.539701   2.95992   3.67887             3.160     0.280     3.360         8
6 -0.175100   3.39967   1.91652             2.390     1.060     1.220         6
7 -0.044800   3.39967   1.91652             2.140     0.400    -0.140         6
8 -0.055300   3.39967   1.91652             0.940    -0.570    -0.040         6
9 -0.090300   3.39967   1.91652             3.410    -0.360    -0.600         6
10 -0.090300   3.39967   1.91652             1.830     1.490    -1.190         6
11  0.051600   2.64953   0.27504             0.710    -3.540     0.650         1
12  0.051600   2.64953   0.27504            -0.740    -2.530     0.450         1
13  0.051600   2.64953   0.27504            -0.210    -3.010     2.070         1
14  0.148100   2.59964   0.26278             1.730    -1.870     3.110         1
15  0.072800   2.64953   0.27504             1.570     1.750     1.480         1
16  0.072800   2.64953   0.27504             3.320     1.640     1.200         1
17  0.058800   2.64953   0.27504             0.000     0.000    -0.000         1
18  0.058800   2.64953   0.27504             0.890    -1.180    -0.960         1
19  0.039100   2.64953   0.27504             3.210    -0.820    -1.570         1
20  0.039100   2.64953   0.27504             3.650    -1.120     0.130         1
21  0.039100   2.64953   0.27504             4.230     0.340    -0.690         1
22  0.039100   2.64953   0.27504             1.660     1.020    -2.150         1
23  0.039100   2.64953   0.27504             2.670     2.160    -1.260         1
24  0.039100   2.64953   0.27504             0.950     2.030    -0.880         1
