mobley_299266	9.743149	4.85692	#systeme  DGsolv_calc  DGsolv_expt (kJ/mol)
12
#    charge    sigma(Ang)  epsilon(kJ/mol)  x         y         z        Zatomic
1 -0.063200   3.39967   1.91652             1.760    -2.740     1.220         6
2 -0.110200   3.39967   1.50658             1.110    -1.780     0.270         6
3 -0.231800   3.39967   1.50658             0.470    -0.690     0.700         6
4 -0.063200   3.39967   1.91652             1.210    -2.130    -1.190         6
5  0.041000   2.64953   0.27504             1.050    -3.520     1.520         1
6  0.041000   2.64953   0.27504             2.620    -3.230     0.740         1
7  0.041000   2.64953   0.27504             2.120    -2.250     2.130         1
8  0.111200   2.59964   0.26278            -0.000    -0.000     0.000         1
9  0.111200   2.59964   0.26278             0.400    -0.450     1.750         1
10  0.041000   2.64953   0.27504             0.370    -2.750    -1.500         1
11  0.041000   2.64953   0.27504             1.210    -1.210    -1.790         1
12  0.041000   2.64953   0.27504             2.130    -2.680    -1.420         1
