mobley_6082662	-39.424792	-41.11634	#systeme  DGsolv_calc  DGsolv_expt (kJ/mol)
16
#    charge    sigma(Ang)  epsilon(kJ/mol)  x         y         z        Zatomic
1 -0.225900   3.39967   1.50658             1.890    -1.040    -0.110         6
2 -0.015700   3.39967   1.50658             2.920    -1.630     0.610         6
3 -0.244400   3.39967   1.50658             2.880    -1.650     2.000         6
4 -0.015700   3.39967   1.50658             1.800    -1.080     2.680         6
5 -0.225900   3.39967   1.50658             0.760    -0.480     1.960         6
6  0.224600   3.39967   1.50658             0.810    -0.460     0.560         6
7 -0.851801   3.25000   2.97813            -0.240     0.140    -0.170         7
8  0.323000   3.25000   2.97813             3.930    -2.260     2.740         7
9 -0.220700   2.95992   3.67887             4.890    -2.770     2.110         8
10 -0.220700   2.95992   3.67887             3.880    -2.260     3.990         8
11  0.144400   2.59964   0.26278             1.930    -1.030    -1.200         1
12  0.168300   2.59964   0.26278             3.760    -2.070     0.070         1
13  0.168300   2.59964   0.26278             1.750    -1.090     3.760         1
14  0.144400   2.59964   0.26278            -0.070    -0.040     2.490         1
15  0.423900   1.06908   0.27504            -0.180     0.190    -1.160         1
16  0.423900   1.06908   0.27504            -0.990     0.580     0.330         1
