mobley_303222	9.747336	5.52684	#systeme  DGsolv_calc  DGsolv_expt (kJ/mol)
9
#    charge    sigma(Ang)  epsilon(kJ/mol)  x         y         z        Zatomic
1 -0.069200   3.39967   1.91652             0.880    -1.450     2.170         6
2 -0.164300   3.39967   1.50658             1.350    -1.450     0.760         6
3 -0.227000   3.39967   1.50658             0.820    -0.680    -0.200         6
4  0.041000   2.64953   0.27504             0.090    -2.200     2.300         1
5  0.041000   2.64953   0.27504             0.480    -0.480     2.480         1
6  0.041000   2.64953   0.27504             1.710    -1.710     2.840         1
7  0.116900   2.59964   0.26278             2.170    -2.110     0.510         1
8  0.110300   2.59964   0.26278             1.210    -0.720    -1.210         1
9  0.110300   2.59964   0.26278             0.000     0.000     0.000         1
