mobley_5471704	-12.841529	-9.25327	#systeme  DGsolv_calc  DGsolv_expt (kJ/mol)
23
#    charge    sigma(Ang)  epsilon(kJ/mol)  x         y         z        Zatomic
1 -0.091200   3.39967   1.91652            -0.280    -3.280    -0.850         6
2 -0.065400   3.39967   1.91652            -0.690    -1.820    -1.000         6
3 -0.091200   3.39967   1.91652             0.020    -0.980     0.070         6
4 -0.113300   3.39967   1.91652            -0.380    -1.320    -2.420         6
5  0.136700   3.39967   1.91652            -1.110    -2.100    -3.510         6
6 -0.446000   3.00001   2.97813            -0.760    -1.560    -4.770         8
7  0.632001   3.39967   1.50658            -1.340    -2.150    -5.860         6
8 -0.538201   2.95992   3.67887            -2.120    -3.090    -5.830         8
9 -0.153100   3.39967   1.91652            -0.870    -1.480    -7.120         6
10  0.034300   2.64953   0.27504            -0.770    -3.900    -1.610         1
11  0.034300   2.64953   0.27504            -0.550    -3.680     0.130         1
12  0.034300   2.64953   0.27504             0.810    -3.400    -0.980         1
13  0.053800   2.64953   0.27504            -1.770    -1.750    -0.830         1
14  0.034300   2.64953   0.27504            -0.260     0.080    -0.000         1
15  0.034300   2.64953   0.27504             1.110    -1.050    -0.030         1
16  0.034300   2.64953   0.27504            -0.240    -1.320     1.080         1
17  0.055900   2.64953   0.27504             0.700    -1.400    -2.610         1
18  0.055900   2.64953   0.27504            -0.620    -0.260    -2.510         1
19  0.066200   2.47135   0.27504            -0.830    -3.160    -3.490         1
20  0.066200   2.47135   0.27504            -2.200    -2.020    -3.400         1
21  0.075300   2.64953   0.27504             0.030    -1.980    -7.490         1
22  0.075300   2.64953   0.27504            -0.680    -0.420    -6.920         1
23  0.075300   2.64953   0.27504            -1.650    -1.560    -7.880         1
