mobley_4291494	-16.216251	-18.38093	#systeme  DGsolv_calc  DGsolv_expt (kJ/mol)
11
#    charge    sigma(Ang)  epsilon(kJ/mol)  x         y         z        Zatomic
1 -0.087100   3.39967   1.50658             1.390    -0.070     1.650         6
2 -0.246600   3.39967   1.50658             0.230    -0.420     0.970         6
3  0.407700   3.39967   1.50658            -0.630    -1.320     1.580         6
4 -0.655001   3.25000   2.97813            -0.410    -1.880     2.790         7
5  0.489400   3.39967   1.50658             0.730    -1.520     3.420         6
6 -0.235100   3.39967   1.50658             1.650    -0.620     2.900         6
7 -0.151900   3.47094   4.64238             0.970    -2.250     4.950        18
8  0.142800   2.59964   0.26278             2.090     0.640     1.210         1
9  0.148900   2.59964   0.26278            -0.000     0.000     0.000         1
10  0.029400   2.51055   0.26278            -1.550    -1.630     1.090         1
11  0.157500   2.59964   0.26278             2.560    -0.350     3.440         1
