mobley_4678740	-1.42358	4.48009	#systeme  DGsolv_calc  DGsolv_expt (kJ/mol)
18
#    charge    sigma(Ang)  epsilon(kJ/mol)  x         y         z        Zatomic
1 -0.138000   3.39967   1.50658             1.890    -1.040    -0.110         6
2 -0.053300   3.39967   1.50658             2.920    -1.630     0.610         6
3 -0.174200   3.39967   1.50658             2.880    -1.650     2.000         6
4 -0.035300   3.39967   1.50658             1.800    -1.080     2.680         6
5 -0.174200   3.39967   1.50658             0.760    -0.480     1.960         6
6 -0.053300   3.39967   1.50658             0.810    -0.460     0.560         6
7  0.689501   3.39967   1.91652            -0.390     0.130     2.670         6
8 -0.232200   3.11815   1.06862            -0.300     0.030     4.030        10
9 -0.232200   3.11815   1.06862            -0.550     1.460     2.420        10
10 -0.232200   3.11815   1.06862            -1.580    -0.450     2.350        10
11  0.689501   3.39967   1.91652             3.990    -2.290     2.770         6
12 -0.232200   3.11815   1.06862             4.970    -2.810     1.980        10
13 -0.232200   3.11815   1.06862             4.620    -1.430     3.620        10
14 -0.232200   3.11815   1.06862             3.560    -3.320     3.550        10
15  0.153400   2.59964   0.26278             1.920    -1.020    -1.200         1
16  0.159300   2.59964   0.26278             3.760    -2.070     0.070         1
17  0.170500   2.59964   0.26278             1.770    -1.100     3.760         1
18  0.159300   2.59964   0.26278             0.000    -0.000    -0.010         1
