mobley_6917738	-21.048049	-27.42485	#systeme  DGsolv_calc  DGsolv_expt (kJ/mol)
14
#    charge    sigma(Ang)  epsilon(kJ/mol)  x         y         z        Zatomic
1  0.112000   3.39967   1.91652            -0.560    -4.040     1.900         6
2 -0.410400   3.00001   2.97813            -0.450    -2.620     2.020         8
3  0.079700   3.39967   1.91652            -0.360    -1.990     0.750         6
4  0.148100   3.39967   1.91652            -0.250    -0.490     0.950         6
5 -0.901901   3.25000   2.97813            -0.150     0.180    -0.370         7
6  0.034300   2.47135   0.27504            -0.630    -4.490     2.890         1
7  0.034300   2.47135   0.27504             0.310    -4.420     1.360         1
8  0.034300   2.47135   0.27504            -1.470    -4.270     1.330         1
9  0.022600   2.47135   0.27504             0.530    -2.370     0.250         1
10  0.022600   2.47135   0.27504            -1.250    -2.250     0.170         1
11  0.066600   2.47135   0.27504            -1.120    -0.090     1.480         1
12  0.066600   2.47135   0.27504             0.660    -0.250     1.510         1
13  0.345600   1.06908   0.27504            -1.000     0.360    -0.840         1
14  0.345600   1.06908   0.27504             0.740     0.220    -0.790         1
