mobley_5286200	-1.691548	-9.71384	#systeme  DGsolv_calc  DGsolv_expt (kJ/mol)
14
#    charge    sigma(Ang)  epsilon(kJ/mol)  x         y         z        Zatomic
1 -0.093500   3.39967   1.91652             0.580     0.510    -0.020         6
2 -0.093400   3.39967   1.91652            -0.610    -0.460     0.030         6
3  0.038700   3.39967   1.91652            -0.790    -1.120     1.400         6
4 -0.194050   3.47094   4.64238            -2.180    -2.230     1.430        18
5  0.038700   3.39967   1.91652             0.760     1.160    -1.390         6
6 -0.194050   3.47094   4.64238             2.140     2.280    -1.420        18
7  0.057800   2.64953   0.27504             1.500    -0.010     0.260         1
8  0.057800   2.64953   0.27504             0.420     1.300     0.720         1
9  0.057800   2.64953   0.27504            -0.510    -1.240    -0.730         1
10  0.057800   2.64953   0.27504            -1.530     0.090    -0.210         1
11  0.066600   2.47135   0.27504             0.100    -1.680     1.690         1
12  0.066600   2.47135   0.27504            -0.980    -0.350     2.160         1
13  0.066600   2.47135   0.27504             0.920     0.410    -2.170         1
14  0.066600   2.47135   0.27504            -0.130     1.740    -1.650         1
