mobley_2960202	-7.863186	-15.53377	#systeme  DGsolv_calc  DGsolv_expt (kJ/mol)
22
#    charge    sigma(Ang)  epsilon(kJ/mol)  x         y         z        Zatomic
1 -0.103200   3.39967   1.50658            -1.440    -1.580     0.270         6
2  0.068200   3.39967   1.50658            -2.730    -1.910     0.690         6
3  0.068200   3.39967   1.50658            -3.580    -0.910     1.160         6
4 -0.103100   3.39967   1.50658            -3.150     0.420     1.220         6
5  0.021000   3.39967   1.50658            -1.860     0.740     0.800         6
6  0.021000   3.39967   1.50658            -1.000    -0.260     0.330         6
7 -0.050100   3.47094   4.64238             0.610     0.090    -0.210        18
8 -0.050100   3.47094   4.64238            -1.380     2.400     0.890        18
9 -0.199650   3.00001   2.97813            -4.860    -1.180     1.590         8
10  0.081800   3.39967   1.50658            -5.240    -2.500     1.510         6
11  0.081800   3.39967   1.50658            -4.390    -3.490     1.040         6
12  0.029300   3.39967   1.50658            -4.820    -4.820     0.980         6
13  0.021600   3.39967   1.50658            -6.110    -5.140     1.400         6
14  0.021600   3.39967   1.50658            -6.960    -4.150     1.880         6
15  0.029300   3.39967   1.50658            -6.530    -2.820     1.930         6
16 -0.018400   3.47094   4.64238            -7.570    -1.550     2.520        18
17 -0.027500   3.47094   4.64238            -8.570    -4.550     2.400        18
18 -0.027500   3.47094   4.64238            -6.650    -6.800     1.330        18
19 -0.018400   3.47094   4.64238            -3.730    -6.030     0.390        18
20 -0.199650   3.00001   2.97813            -3.110    -3.220     0.620         8
21  0.176900   2.59964   0.26278            -0.780    -2.370    -0.100         1
22  0.176900   2.59964   0.26278            -3.820     1.180     1.590         1
