mobley_8798016	-30.724206	-29.309	#systeme  DGsolv_calc  DGsolv_expt (kJ/mol)
13
#    charge    sigma(Ang)  epsilon(kJ/mol)  x         y         z        Zatomic
1 -0.198700   3.39967   1.50658             0.230    -0.420     0.970         6
2  0.383300   3.39967   1.50658            -0.630    -1.320     1.580         6
3 -0.641801   3.25000   2.97813            -0.410    -1.880     2.790         7
4  0.383300   3.39967   1.50658             0.730    -1.520     3.420         6
5 -0.198700   3.39967   1.50658             1.650    -0.620     2.900         6
6 -0.158800   3.39967   1.50658             1.390    -0.070     1.650         6
7  0.573101   3.39967   1.50658             2.320     0.880     1.060         6
8 -0.513001   2.95992   3.67887             2.140     1.400    -0.040         8
9  0.155000   2.59964   0.26278            -0.010    -0.010    -0.000         1
10  0.028200   2.51055   0.26278            -1.550    -1.630     1.090         1
11  0.028200   2.51055   0.26278             0.890    -1.980     4.390         1
12  0.155000   2.59964   0.26278             2.550    -0.370     3.460         1
13  0.004900   2.51055   0.26278             3.240     1.120     1.640         1
