mobley_1107178	-2.549883	-3.09838	#systeme  DGsolv_calc  DGsolv_expt (kJ/mol)
8
#    charge    sigma(Ang)  epsilon(kJ/mol)  x         y         z        Zatomic
1 -0.092200   3.39967   1.91652             0.140    -0.700     0.830         6
2  0.070500   3.39967   1.91652             1.410    -0.380     1.610         6
3 -0.257300   3.83086   8.75920             3.130    -0.520     0.360        63
4  0.045800   2.64953   0.27504            -0.730    -0.620     1.490         1
5  0.045800   2.64953   0.27504            -0.000     0.000     0.000         1
6  0.045800   2.64953   0.27504             0.170    -1.710     0.430         1
7  0.070800   2.47135   0.27504             1.510    -1.070     2.450         1
8  0.070800   2.47135   0.27504             1.340     0.640     2.030         1
