mobley_3040612	-3.186307	-3.55895	#systeme  DGsolv_calc  DGsolv_expt (kJ/mol)
21
#    charge    sigma(Ang)  epsilon(kJ/mol)  x         y         z        Zatomic
1 -0.089200   3.39967   1.91652             1.300    -2.260    -2.210         6
2 -0.039400   3.39967   1.91652             1.950    -1.030    -1.600         6
3 -0.075700   3.39967   1.50658             1.890    -1.040    -0.110         6
4 -0.125000   3.39967   1.50658             2.920    -1.630     0.610         6
5 -0.132700   3.39967   1.50658             2.880    -1.650     2.000         6
6 -0.130100   3.39967   1.50658             1.800    -1.080     2.680         6
7 -0.130200   3.39967   1.50658             0.760    -0.480     1.960         6
8 -0.073200   3.39967   1.50658             0.810    -0.460     0.560         6
9 -0.055400   3.39967   1.91652            -0.310     0.180    -0.190         6
10  0.035900   2.64953   0.27504             1.350    -2.240    -3.300         1
11  0.035900   2.64953   0.27504             0.240    -2.300    -1.920         1
12  0.035900   2.64953   0.27504             1.780    -3.180    -1.860         1
13  0.046300   2.64953   0.27504             1.470    -0.120    -1.990         1
14  0.046300   2.64953   0.27504             3.000    -0.970    -1.930         1
15  0.129900   2.59964   0.26278             3.770    -2.080     0.090         1
16  0.129800   2.59964   0.26278             3.690    -2.110     2.560         1
17  0.129100   2.59964   0.26278             1.770    -1.100     3.760         1
18  0.129500   2.59964   0.26278            -0.070    -0.040     2.490         1
19  0.044100   2.64953   0.27504            -0.100     1.240    -0.350         1
20  0.044100   2.64953   0.27504            -0.460    -0.300    -1.160         1
21  0.044100   2.64953   0.27504            -1.260     0.090     0.360         1
