mobley_6743808	-22.907077	-27.2155	#systeme  DGsolv_calc  DGsolv_expt (kJ/mol)
19
#    charge    sigma(Ang)  epsilon(kJ/mol)  x         y         z        Zatomic
1 -0.049300   3.39967   1.91652             1.950    -1.030    -1.600         6
2 -0.109600   3.39967   1.50658             1.890    -1.040    -0.110         6
3 -0.090200   3.39967   1.50658             2.920    -1.630     0.610         6
4 -0.212300   3.39967   1.50658             2.880    -1.650     2.000         6
5  0.121700   3.39967   1.50658             1.800    -1.080     2.680         6
6 -0.158000   3.39967   1.50658             0.760    -0.480     1.960         6
7 -0.041500   3.39967   1.50658             0.810    -0.460     0.560         6
8 -0.056200   3.39967   1.91652            -0.320     0.180    -0.190         6
9 -0.499600   3.06647   3.68587             1.760    -1.100     4.040         8
10  0.042000   2.64953   0.27504             2.460    -0.120    -1.950         1
11  0.042000   2.64953   0.27504             2.490    -1.900    -1.980         1
12  0.042000   2.64953   0.27504             0.950    -1.050    -2.040         1
13  0.132000   2.59964   0.26278             3.770    -2.080     0.090         1
14  0.132400   2.59964   0.26278             3.690    -2.120     2.560         1
15  0.148600   2.59964   0.26278            -0.080    -0.040     2.480         1
16  0.046300   2.64953   0.27504            -0.110     1.240    -0.350         1
17  0.046300   2.64953   0.27504            -0.460    -0.300    -1.170         1
18  0.046300   2.64953   0.27504            -1.260     0.090     0.360         1
19  0.417100   0.00000   0.00000             2.540    -1.550     4.390         1
