mobley_5076071	-31.415061	-23.69842	#systeme  DGsolv_calc  DGsolv_expt (kJ/mol)
35
#    charge    sigma(Ang)  epsilon(kJ/mol)  x         y         z        Zatomic
1 -0.123800   3.39967   1.91652             3.690    -0.390    -3.080         6
2  0.239500   3.39967   1.91652             2.560     0.090    -2.240         6
3 -0.797901   3.25000   2.97813             1.930    -1.020    -1.530         7
4  0.239500   3.39967   1.91652             1.370    -2.110    -2.310         6
5 -0.123800   3.39967   1.91652             0.290    -1.600    -3.200         6
6  0.357200   3.39967   1.50658             1.890    -1.040    -0.110         6
7 -0.245500   3.39967   1.50658             2.920    -1.630     0.610         6
8  0.038400   3.39967   1.50658             2.880    -1.650     2.000         6
9 -0.276700   3.39967   1.50658             1.800    -1.080     2.680         6
10  0.327200   3.39967   1.50658             0.760    -0.480     1.960         6
11 -0.281300   3.39967   1.50658             0.810    -0.460     0.560         6
12  0.320200   3.25000   2.97813            -0.250     0.140    -0.180         7
13 -0.188100   2.95992   3.67887            -0.170     1.360    -0.460         8
14 -0.188100   2.95992   3.67887            -1.230    -0.560    -0.520         8
15 -0.848801   3.25000   2.97813            -0.330     0.090     2.650         7
16  0.697201   3.39967   1.91652             1.780    -1.120     4.170         6
17 -0.231300   3.11815   1.06862             2.870    -1.740     4.710        10
18 -0.231300   3.11815   1.06862             1.750     0.120     4.750        10
19 -0.231300   3.11815   1.06862             0.700    -1.780     4.660        10
20  0.326500   3.25000   2.97813             4.040    -2.220    -0.050         7
21 -0.187300   2.95992   3.67887             5.040    -1.510    -0.300         8
22 -0.187300   2.95992   3.67887             3.980    -3.440    -0.360         8
23  0.048800   2.64953   0.27504             4.160     0.440    -3.620         1
24  0.048800   2.64953   0.27504             4.450    -0.900    -2.470         1
25  0.048800   2.64953   0.27504             3.320    -1.110    -3.830         1
26  0.051800   2.47135   0.27504             1.790     0.560    -2.860         1
27  0.051800   2.47135   0.27504             2.910     0.810    -1.500         1
28  0.051800   2.47135   0.27504             2.180    -2.540    -2.880         1
29  0.051800   2.47135   0.27504             0.990    -2.840    -1.600         1
30  0.048800   2.64953   0.27504            -0.140    -2.410    -3.800         1
31  0.048800   2.64953   0.27504            -0.500    -1.110    -2.630         1
32  0.048800   2.64953   0.27504             0.720    -0.860    -3.890         1
33  0.180600   2.59964   0.26278             3.680    -2.120     2.570         1
34  0.458100   1.06908   0.27504            -1.040     0.560     2.130         1
35  0.458100   1.06908   0.27504            -0.310     0.110     3.650         1
