mobley_2481002	-1.586873	-6.07115	#systeme  DGsolv_calc  DGsolv_expt (kJ/mol)
7
#    charge    sigma(Ang)  epsilon(kJ/mol)  x         y         z        Zatomic
1  0.182800   3.39967   1.91652             0.580    -0.030     0.160         6
2  0.231900   3.25000   2.97813            -0.880     0.060    -0.240         7
3 -0.147500   2.95992   3.67887            -1.400    -0.890    -0.840         8
4 -0.147500   2.95992   3.67887            -1.490     1.110     0.060         8
5 -0.039900   3.47094   4.64238             0.680    -1.440     1.220        18
6 -0.039900   3.47094   4.64238             1.470    -0.230    -1.350        18
7 -0.039900   3.47094   4.64238             1.050     1.450     1.000        18
