mobley_3006808	-15.948283	-18.04597	#systeme  DGsolv_calc  DGsolv_expt (kJ/mol)
9
#    charge    sigma(Ang)  epsilon(kJ/mol)  x         y         z        Zatomic
1  0.094700   3.39967   1.91652             0.770    -0.330     0.700         6
2  0.632101   3.39967   1.91652             1.340     0.840     1.450         6
3 -0.232200   3.11815   1.06862             1.890     1.740     0.600        10
4 -0.232200   3.11815   1.06862             2.310     0.450     2.310        10
5 -0.232200   3.11815   1.06862             0.390     1.480     2.160        10
6 -0.577101   3.06647   3.68587             1.810    -0.960    -0.030         8
7  0.063100   2.47135   0.27504             0.340    -1.060     1.390         1
8  0.063100   2.47135   0.27504             0.000     0.000     0.000         1
9  0.420700   0.00000   0.00000             1.410    -1.710    -0.500         1
