mobley_1449384	-1.909272	-2.84716	#systeme  DGsolv_calc  DGsolv_expt (kJ/mol)
24
#    charge    sigma(Ang)  epsilon(kJ/mol)  x         y         z        Zatomic
1 -0.052900   3.39967   1.91652             1.930    -1.010    -1.600         6
2 -0.080400   3.39967   1.50658             1.890    -1.040    -0.110         6
3 -0.129600   3.39967   1.50658             2.920    -1.630     0.610         6
4 -0.123200   3.39967   1.50658             2.880    -1.650     2.000         6
5 -0.077400   3.39967   1.50658             1.800    -1.080     2.680         6
6 -0.123200   3.39967   1.50658             0.760    -0.480     1.960         6
7 -0.129600   3.39967   1.50658             0.810    -0.460     0.560         6
8 -0.023100   3.39967   1.91652             1.750    -1.100     4.170         6
9 -0.087500   3.39967   1.91652             0.550    -1.900     4.700         6
10 -0.087500   3.39967   1.91652             1.770     0.310     4.780         6
11  0.043200   2.64953   0.27504             2.440    -0.110    -1.950         1
12  0.043200   2.64953   0.27504             2.460    -1.890    -1.990         1
13  0.043200   2.64953   0.27504             0.920    -1.040    -2.030         1
14  0.129900   2.59964   0.26278             3.770    -2.080     0.090         1
15  0.129900   2.59964   0.26278             3.690    -2.120     2.560         1
16  0.129900   2.59964   0.26278            -0.080    -0.040     2.470         1
17  0.129900   2.59964   0.26278            -0.010     0.000     0.010         1
18  0.049200   2.64953   0.27504             2.650    -1.610     4.560         1
19  0.036000   2.64953   0.27504             0.530    -1.910     5.800         1
20  0.036000   2.64953   0.27504             0.570    -2.940     4.360         1
21  0.036000   2.64953   0.27504            -0.390    -1.450     4.360         1
22  0.036000   2.64953   0.27504             1.730     0.250     5.870         1
23  0.036000   2.64953   0.27504             0.900     0.900     4.450         1
24  0.036000   2.64953   0.27504             2.670     0.860     4.500         1
