mobley_3761215	2.114435	-0.79553	#systeme  DGsolv_calc  DGsolv_expt (kJ/mol)
8
#    charge    sigma(Ang)  epsilon(kJ/mol)  x         y         z        Zatomic
1 -0.112000   3.39967   1.91652             1.020     0.280    -0.270         6
2  0.263800   3.39967   1.91652             1.290     1.760     0.000         6
3 -0.123600   3.47094   4.64238             0.160     2.760    -0.960        18
4 -0.123600   3.47094   4.64238             1.050     2.100     1.740        18
5 -0.123600   3.47094   4.64238             2.960     2.160    -0.450        18
6  0.073000   2.64953   0.27504             1.700    -0.360     0.300         1
7  0.073000   2.64953   0.27504            -0.000     0.000    -0.000         1
8  0.073000   2.64953   0.27504             1.160     0.040    -1.330         1
