mobley_5917842	-19.038289	-24.2846	#systeme  DGsolv_calc  DGsolv_expt (kJ/mol)
20
#    charge    sigma(Ang)  epsilon(kJ/mol)  x         y         z        Zatomic
1 -0.051400   3.39967   1.91652             1.930    -1.020    -1.600         6
2 -0.080600   3.39967   1.50658             1.890    -1.040    -0.110         6
3 -0.125200   3.39967   1.50658             2.920    -1.630     0.610         6
4 -0.132900   3.39967   1.50658             2.880    -1.650     2.000         6
5  0.106100   3.39967   1.50658             1.800    -1.080     2.680         6
6  0.046500   3.39967   1.50658             0.760    -0.480     1.960         6
7 -0.164600   3.39967   1.50658             0.810    -0.460     0.560         6
8 -0.348400   3.00001   2.97813            -0.290     0.080     2.600         8
9  0.121800   3.39967   1.91652            -1.310     0.670     1.790         6
10 -0.497100   3.06647   3.68587             1.770    -1.110     4.040         8
11  0.043300   2.64953   0.27504             2.440    -0.110    -1.950         1
12  0.043300   2.64953   0.27504             2.460    -1.890    -1.990         1
13  0.043300   2.64953   0.27504             0.920    -1.040    -2.030         1
14  0.135900   2.59964   0.26278             3.770    -2.080     0.090         1
15  0.152300   2.59964   0.26278             3.690    -2.120     2.560         1
16  0.138300   2.59964   0.26278            -0.000     0.000     0.000         1
17  0.045000   2.47135   0.27504            -2.090     1.070     2.440         1
18  0.045000   2.47135   0.27504            -1.720    -0.100     1.130         1
19  0.045000   2.47135   0.27504            -0.860     1.460     1.200         1
20  0.434400   0.00000   0.00000             0.970    -0.670     4.360         1
