mobley_7415647	-42.020732	-50.03465	#systeme  DGsolv_calc  DGsolv_expt (kJ/mol)
24
#    charge    sigma(Ang)  epsilon(kJ/mol)  x         y         z        Zatomic
1  0.079700   3.39967   1.91652             1.080    -0.150    -0.220         6
2 -0.475800   3.25000   2.97813             1.520     0.530    -1.430         7
3  0.079700   3.39967   1.91652             1.060    -0.060    -2.690         6
4  0.663801   3.39967   1.50658             2.320     1.670    -1.320         6
5 -0.580201   2.95992   3.67887             2.710     2.170    -0.270         8
6 -0.085400   3.39967   1.50658             2.770     2.330    -2.560         6
7 -0.111700   3.39967   1.50658             3.970     1.940    -3.170         6
8 -0.070600   3.39967   1.50658             4.390     2.570    -4.340         6
9 -0.167100   3.39967   1.50658             3.610     3.580    -4.910         6
10 -0.070600   3.39967   1.50658             2.410     3.960    -4.310         6
11 -0.111700   3.39967   1.50658             1.990     3.330    -3.130         6
12  0.311900   3.25000   2.97813             4.040     4.210    -6.100         7
13 -0.204100   2.95992   3.67887             3.320     5.120    -6.600         8
14 -0.204100   2.95992   3.67887             5.120     3.850    -6.630         8
15  0.046200   2.47135   0.27504             1.810    -0.920     0.070         1
16  0.046200   2.47135   0.27504             0.110    -0.630    -0.380         1
17  0.046200   2.47135   0.27504             0.990     0.560     0.600         1
18  0.046200   2.47135   0.27504             0.110     0.390    -2.960         1
19  0.046200   2.47135   0.27504             0.940    -1.130    -2.550         1
20  0.046200   2.47135   0.27504             1.800     0.130    -3.460         1
21  0.158900   2.59964   0.26278             4.580     1.160    -2.730         1
22  0.175600   2.59964   0.26278             5.320     2.260    -4.800         1
23  0.175600   2.59964   0.26278             1.790     4.740    -4.740         1
24  0.158900   2.59964   0.26278             1.050     3.640    -2.670         1
