mobley_2751110	-35.472264	-44.54968	#systeme  DGsolv_calc  DGsolv_expt (kJ/mol)
15
#    charge    sigma(Ang)  epsilon(kJ/mol)  x         y         z        Zatomic
1 -0.027900   3.39967   1.50658             1.890    -1.040    -0.110         6
2 -0.200300   3.39967   1.50658             2.920    -1.630     0.610         6
3  0.170700   3.39967   1.50658             2.880    -1.650     2.000         6
4 -0.200300   3.39967   1.50658             1.800    -1.080     2.680         6
5 -0.027900   3.39967   1.50658             0.760    -0.480     1.960         6
6 -0.219300   3.39967   1.50658             0.810    -0.460     0.560         6
7  0.319200   3.25000   2.97813            -0.250     0.140    -0.170         7
8 -0.212600   2.95992   3.67887            -0.190     0.150    -1.430         8
9 -0.212600   2.95992   3.67887            -1.210     0.650     0.450         8
10 -0.482500   3.06647   3.68587             3.890    -2.230     2.710         8
11  0.174200   2.59964   0.26278             1.930    -1.030    -1.200         1
12  0.157500   2.59964   0.26278             3.760    -2.080     0.080         1
13  0.157500   2.59964   0.26278             1.760    -1.090     3.760         1
14  0.174200   2.59964   0.26278            -0.070    -0.040     2.490         1
15  0.430100   0.00000   0.00000             4.560    -2.580     2.100         1
