mobley_7829570	-9.642661	-14.69637	#systeme  DGsolv_calc  DGsolv_expt (kJ/mol)
39
#    charge    sigma(Ang)  epsilon(kJ/mol)  x         y         z        Zatomic
1 -0.093900   3.39967   1.91652            -5.900     4.640     1.660         6
2 -0.075500   3.39967   1.91652            -4.700     3.720     1.560         6
3 -0.107900   3.39967   1.91652            -3.590     4.140     2.530         6
4  0.238100   3.39967   1.91652            -2.360     3.240     2.440         6
5 -0.789001   3.25000   2.97813            -1.320     3.630     3.350         7
6  0.236500   3.39967   1.91652            -0.750     4.980     3.230         6
7 -0.124100   3.39967   1.91652            -0.140     5.150     1.890         6
8  0.300600   3.39967   1.50658            -0.850     2.780     4.360         6
9 -0.175500   3.39967   1.50658             0.210     1.910     4.100         6
10 -0.015300   3.39967   1.50658             0.680     1.060     5.100         6
11 -0.173600   3.39967   1.50658             0.080     1.070     6.360         6
12 -0.015300   3.39967   1.50658            -0.990     1.930     6.620         6
13 -0.175500   3.39967   1.50658            -1.450     2.790     5.620         6
14  0.319100   3.25000   2.97813            -2.540     3.660     5.920         7
15 -0.178700   2.95992   3.67887            -3.710     3.250     5.710         8
16 -0.178700   2.95992   3.67887            -2.290     4.800     6.370         8
17  0.694901   3.39967   1.91652             0.580     0.160     7.430         6
18 -0.224400   3.11815   1.06862             1.620    -0.630     7.040        10
19 -0.224400   3.11815   1.06862             1.030     0.810     8.540        10
20 -0.224400   3.11815   1.06862            -0.380    -0.710     7.880        10
21  0.319100   3.25000   2.97813             0.840     1.880     2.820         7
22 -0.178700   2.95992   3.67887             1.820     2.640     2.610         8
23 -0.178700   2.95992   3.67887             0.400     1.090     1.950         8
24  0.036200   2.64953   0.27504            -6.690     4.340     0.970         1
25  0.036200   2.64953   0.27504            -6.310     4.620     2.680         1
26  0.036200   2.64953   0.27504            -5.620     5.680     1.430         1
27  0.041100   2.64953   0.27504            -5.010     2.700     1.780         1
28  0.041100   2.64953   0.27504            -4.330     3.730     0.530         1
29  0.054700   2.64953   0.27504            -3.290     5.180     2.320         1
30  0.054700   2.64953   0.27504            -3.970     4.120     3.550         1
31  0.052400   2.47135   0.27504            -1.940     3.230     1.430         1
32  0.052400   2.47135   0.27504            -2.640     2.210     2.710         1
33  0.051700   2.47135   0.27504            -1.570     5.670     3.380         1
34  0.051700   2.47135   0.27504            -0.020     5.080     4.020         1
35  0.050300   2.64953   0.27504             0.300     6.150     1.770         1
36  0.050300   2.64953   0.27504             0.640     4.390     1.710         1
37  0.050300   2.64953   0.27504            -0.920     5.020     1.130         1
38  0.183000   2.59964   0.26278             1.510     0.380     4.900         1
39  0.183000   2.59964   0.26278            -1.450     1.940     7.610         1
