mobley_2402487	-28.119892	-25.122	#systeme  DGsolv_calc  DGsolv_expt (kJ/mol)
23
#    charge    sigma(Ang)  epsilon(kJ/mol)  x         y         z        Zatomic
1 -0.124900   3.39967   1.91652             0.600    -0.510     1.950         6
2  0.135700   3.39967   1.91652             0.100    -0.910     0.580         6
3 -0.446400   3.00001   2.97813            -1.170    -1.560     0.710         8
4  0.644351   3.39967   1.50658            -1.750    -1.970    -0.460         6
5 -0.509901   2.95992   3.67887            -1.280    -1.830    -1.580         8
6 -0.190500   3.39967   1.91652            -3.070    -2.630    -0.140         6
7  0.644351   3.39967   1.50658            -3.860    -3.150    -1.310         6
8 -0.509901   2.95992   3.67887            -3.520    -3.090    -2.480         8
9 -0.446400   3.00001   2.97813            -5.010    -3.710    -0.850         8
10  0.135700   3.39967   1.91652            -5.880    -4.260    -1.850         6
11 -0.124900   3.39967   1.91652            -7.100    -4.830    -1.170         6
12  0.050200   2.64953   0.27504             1.570    -0.010     1.880         1
13  0.050200   2.64953   0.27504            -0.110     0.160     2.440         1
14  0.050200   2.64953   0.27504             0.700    -1.390     2.590         1
15  0.065200   2.47135   0.27504             0.800    -1.600     0.100         1
16  0.065200   2.47135   0.27504            -0.030    -0.020    -0.060         1
17  0.115400   2.64953   0.27504            -2.870    -3.470     0.530         1
18  0.115400   2.64953   0.27504            -3.690    -1.880     0.380         1
19  0.065200   2.47135   0.27504            -6.150    -3.460    -2.540         1
20  0.065200   2.47135   0.27504            -5.330    -5.040    -2.380         1
21  0.050200   2.64953   0.27504            -7.780    -5.260    -1.910         1
22  0.050200   2.64953   0.27504            -6.820    -5.610    -0.450         1
23  0.050200   2.64953   0.27504            -7.630    -4.060    -0.600         1
