mobley_7203421	-33.927261	-38.98097	#systeme  DGsolv_calc  DGsolv_expt (kJ/mol)
21
#    charge    sigma(Ang)  epsilon(kJ/mol)  x         y         z        Zatomic
1 -0.092600   3.39967   1.91652             1.070    -0.070    -0.220         6
2 -0.079600   3.39967   1.91652             1.410     0.780    -1.440         6
3 -0.079000   3.39967   1.91652             2.890     0.660    -1.810         6
4 -0.072500   3.39967   1.91652             3.230     1.520    -3.030         6
5 -0.147600   3.39967   1.91652             4.700     1.420    -3.420         6
6  0.657101   3.39967   1.50658             5.060     2.260    -4.630         6
7 -0.611101   2.95992   3.67887             4.260     2.940    -5.260         8
8 -0.686001   3.25000   2.97813             6.400     2.160    -4.960         7
9  0.032900   2.64953   0.27504             0.010     0.020     0.030         1
10  0.032900   2.64953   0.27504             1.660     0.250     0.640         1
11  0.032900   2.64953   0.27504             1.290    -1.130    -0.410         1
12  0.041600   2.64953   0.27504             1.160     1.830    -1.230         1
13  0.041600   2.64953   0.27504             0.790     0.460    -2.280         1
14  0.036500   2.64953   0.27504             3.130    -0.390    -2.020         1
15  0.036500   2.64953   0.27504             3.500     0.970    -0.950         1
16  0.059300   2.64953   0.27504             2.950     2.570    -2.840         1
17  0.059300   2.64953   0.27504             2.620     1.180    -3.880         1
18  0.059800   2.64953   0.27504             4.930     0.380    -3.680         1
19  0.059800   2.64953   0.27504             5.340     1.710    -2.580         1
20  0.309100   1.06908   0.27504             6.780     2.660    -5.750         1
21  0.309100   1.06908   0.27504             7.040     1.570    -4.440         1
