mobley_8048190	-36.92934	-40.65577	#systeme  DGsolv_calc  DGsolv_expt (kJ/mol)
9
#    charge    sigma(Ang)  epsilon(kJ/mol)  x         y         z        Zatomic
1 -0.172800   3.39967   1.91652             0.010    -1.070    -0.220         6
2  0.657201   3.39967   1.50658            -1.110    -1.730     0.530         6
3 -0.613801   2.95992   3.67887            -2.290    -1.580     0.210         8
4 -0.683201   3.25000   2.97813            -0.700    -2.500     1.590         7
5  0.064600   2.64953   0.27504             0.210    -0.100     0.230         1
6  0.064600   2.64953   0.27504             0.900    -1.700    -0.160         1
7  0.064600   2.64953   0.27504            -0.240    -0.920    -1.280         1
8  0.309400   1.06908   0.27504            -1.370    -2.990     2.170         1
9  0.309400   1.06908   0.27504             0.280    -2.600     1.840         1
