mobley_6006813	-6.066963	-12.93783	#systeme  DGsolv_calc  DGsolv_expt (kJ/mol)
16
#    charge    sigma(Ang)  epsilon(kJ/mol)  x         y         z        Zatomic
1 -0.095300   3.39967   1.91652            -0.470     0.970    -0.200         6
2 -0.077200   3.39967   1.91652            -1.070     1.540     1.070         6
3 -0.095300   3.39967   1.91652            -1.790     2.860     0.810         6
4 -0.076600   3.39967   1.91652            -2.400     3.460     2.070         6
5  0.228800   3.25000   2.97813            -3.060     4.720     1.750         7
6 -0.210300   2.95992   3.67887            -4.270     4.680     1.420         8
7 -0.210300   2.95992   3.67887            -2.390     5.770     1.790         8
8  0.040200   2.64953   0.27504             0.040     0.020    -0.010         1
9  0.040200   2.64953   0.27504            -1.260     0.780    -0.940         1
10  0.040200   2.64953   0.27504             0.250     1.660    -0.650         1
11  0.045700   2.64953   0.27504            -1.780     0.810     1.490         1
12  0.045700   2.64953   0.27504            -0.270     1.680     1.810         1
13  0.067900   2.64953   0.27504            -1.080     3.580     0.360         1
14  0.067900   2.64953   0.27504            -2.590     2.700     0.070         1
15  0.094200   2.47135   0.27504            -1.640     3.650     2.830         1
16  0.094200   2.47135   0.27504            -3.150     2.780     2.490         1
