mobley_1781152	-13.833848	-10.0488	#systeme  DGsolv_calc  DGsolv_expt (kJ/mol)
20
#    charge    sigma(Ang)  epsilon(kJ/mol)  x         y         z        Zatomic
1 -0.088500   3.39967   1.91652             0.700    -0.410     0.730         6
2 -0.091600   3.39967   1.91652             1.920    -1.030     0.040         6
3 -0.088500   3.39967   1.91652             2.590     0.030    -0.850         6
4 -0.088500   3.39967   1.91652             1.490    -2.220    -0.840         6
5  0.633401   3.39967   1.50658             2.920    -1.520     1.100         6
6 -0.539001   2.95992   3.67887             4.070    -1.120     1.200         8
7 -0.438300   3.00001   2.97813             2.340    -2.460     1.900         8
8  0.124400   3.39967   1.91652             3.180    -2.990     2.940         6
9  0.047400   2.64953   0.27504             0.200    -1.140     1.370         1
10  0.047400   2.64953   0.27504             1.000     0.440     1.360         1
11  0.047400   2.64953   0.27504            -0.030    -0.050     0.010         1
12  0.047400   2.64953   0.27504             3.470    -0.380    -1.360         1
13  0.047400   2.64953   0.27504             2.920     0.890    -0.250         1
14  0.047400   2.64953   0.27504             1.910     0.400    -1.620         1
15  0.047400   2.64953   0.27504             2.350    -2.680    -1.350         1
16  0.047400   2.64953   0.27504             1.000    -2.990    -0.250         1
17  0.047400   2.64953   0.27504             0.800    -1.890    -1.620         1
18  0.050000   2.47135   0.27504             2.610    -3.720     3.510         1
19  0.050000   2.47135   0.27504             3.510    -2.180     3.580         1
20  0.050000   2.47135   0.27504             4.030    -3.470     2.470         1
