mobley_2609604	10.856891	10.71872	#systeme  DGsolv_calc  DGsolv_expt (kJ/mol)
23
#    charge    sigma(Ang)  epsilon(kJ/mol)  x         y         z        Zatomic
1 -0.091650   3.39967   1.91652            -0.510    -0.480     0.850         6
2 -0.070100   3.39967   1.91652            -2.000    -0.600     0.550         6
3 -0.050700   3.39967   1.91652            -2.840    -1.360     1.610         6
4 -0.087700   3.39967   1.91652            -2.740    -0.650     2.970         6
5 -0.087700   3.39967   1.91652            -4.320    -1.310     1.170         6
6 -0.070100   3.39967   1.91652            -2.390    -2.830     1.800         6
7 -0.091650   3.39967   1.91652            -2.470    -3.710     0.560         6
8  0.033000   2.64953   0.27504             0.020     0.060     0.060         1
9  0.033000   2.64953   0.27504            -0.060    -1.480     0.910         1
10  0.033000   2.64953   0.27504            -0.320     0.020     1.800         1
11  0.037800   2.64953   0.27504            -2.400     0.420     0.430         1
12  0.037800   2.64953   0.27504            -2.110    -1.080    -0.430         1
13  0.033400   2.64953   0.27504            -3.330    -1.170     3.740         1
14  0.033400   2.64953   0.27504            -3.100     0.390     2.920         1
15  0.033400   2.64953   0.27504            -1.700    -0.610     3.320         1
16  0.033400   2.64953   0.27504            -4.970    -1.830     1.880         1
17  0.033400   2.64953   0.27504            -4.670    -0.270     1.080         1
18  0.033400   2.64953   0.27504            -4.450    -1.780     0.190         1
19  0.037800   2.64953   0.27504            -1.360    -2.860     2.180         1
20  0.037800   2.64953   0.27504            -3.010    -3.290     2.580         1
21  0.033000   2.64953   0.27504            -2.130    -4.730     0.810         1
22  0.033000   2.64953   0.27504            -3.500    -3.790     0.180         1
23  0.033000   2.64953   0.27504            -1.830    -3.340    -0.240         1
