mobley_8809190	-0.950449	-1.6748	#systeme  DGsolv_calc  DGsolv_expt (kJ/mol)
24
#    charge    sigma(Ang)  epsilon(kJ/mol)  x         y         z        Zatomic
1 -0.092000   3.39967   1.91652            -0.020     1.050     0.320         6
2 -0.080800   3.39967   1.91652            -0.560     1.940    -0.800         6
3 -0.076900   3.39967   1.91652             0.320     1.860    -2.040         6
4 -0.036300   3.39967   1.91652            -0.220     2.760    -3.160         6
5 -0.076500   3.39967   1.50658             0.650     2.690    -4.400         6
6 -0.127800   3.39967   1.50658             1.720     3.570    -4.550         6
7 -0.128600   3.39967   1.50658             2.520     3.500    -5.690         6
8 -0.132400   3.39967   1.50658             2.250     2.550    -6.680         6
9 -0.128600   3.39967   1.50658             1.180     1.670    -6.520         6
10 -0.127800   3.39967   1.50658             0.380     1.740    -5.380         6
11  0.033600   2.64953   0.27504            -0.660     1.110     1.210         1
12  0.033600   2.64953   0.27504             0.990     1.340     0.600         1
13  0.033600   2.64953   0.27504            -0.000     0.000    -0.010         1
14  0.037800   2.64953   0.27504            -0.600     2.970    -0.440         1
15  0.037800   2.64953   0.27504            -1.580     1.630    -1.040         1
16  0.043800   2.64953   0.27504             1.350     2.160    -1.790         1
17  0.043800   2.64953   0.27504             0.380     0.820    -2.390         1
18  0.046900   2.64953   0.27504            -0.270     3.800    -2.810         1
19  0.046900   2.64953   0.27504            -1.240     2.460    -3.410         1
20  0.130100   2.59964   0.26278             1.930     4.310    -3.790         1
21  0.129600   2.59964   0.26278             3.350     4.190    -5.820         1
22  0.130500   2.59964   0.26278             2.870     2.500    -7.570         1
23  0.129600   2.59964   0.26278             0.970     0.930    -7.290         1
24  0.130100   2.59964   0.26278            -0.450     1.040    -5.270         1
