mobley_296847	-14.687996	-19.63703	#systeme  DGsolv_calc  DGsolv_expt (kJ/mol)
11
#    charge    sigma(Ang)  epsilon(kJ/mol)  x         y         z        Zatomic
1 -0.094800   3.39967   1.50658             1.390    -0.070     1.650         6
2 -0.246000   3.39967   1.50658             0.230    -0.420     0.970         6
3  0.393200   3.39967   1.50658            -0.630    -1.320     1.580         6
4 -0.665301   3.25000   2.97813            -0.410    -1.880     2.790         7
5  0.393200   3.39967   1.50658             0.730    -1.520     3.420         6
6 -0.246000   3.39967   1.50658             1.650    -0.620     2.900         6
7  0.135700   2.59964   0.26278             2.090     0.640     1.210         1
8  0.143700   2.59964   0.26278             0.000    -0.000    -0.000         1
9  0.021300   2.51055   0.26278            -1.550    -1.630     1.090         1
10  0.021300   2.51055   0.26278             0.890    -1.980     4.390         1
11  0.143700   2.59964   0.26278             2.550    -0.360     3.450         1
