mobley_5311804	-21.491871	-27.71794	#systeme  DGsolv_calc  DGsolv_expt (kJ/mol)
16
#    charge    sigma(Ang)  epsilon(kJ/mol)  x         y         z        Zatomic
1 -0.123300   3.39967   1.50658             1.890    -1.040    -0.110         6
2 -0.133900   3.39967   1.50658             2.920    -1.630     0.610         6
3 -0.108400   3.39967   1.50658             2.880    -1.650     2.000         6
4 -0.087100   3.39967   1.50658             1.800    -1.080     2.680         6
5 -0.108400   3.39967   1.50658             0.760    -0.480     1.960         6
6 -0.133900   3.39967   1.50658             0.810    -0.460     0.560         6
7  0.177200   3.39967   1.91652             1.750    -1.100     4.170         6
8 -0.591001   3.06647   3.68587             1.090    -2.280     4.600         8
9  0.130400   2.59964   0.26278             1.920    -1.020    -1.200         1
10  0.131500   2.59964   0.26278             3.760    -2.080     0.080         1
11  0.133200   2.59964   0.26278             3.690    -2.120     2.560         1
12  0.133200   2.59964   0.26278            -0.080    -0.040     2.470         1
13  0.131500   2.59964   0.26278            -0.000    -0.000     0.000         1
14  0.025600   2.47135   0.27504             2.770    -1.090     4.600         1
15  0.025600   2.47135   0.27504             1.220    -0.230     4.560         1
16  0.397800   0.00000   0.00000             1.080    -2.260     5.570         1
