mobley_1875719	-12.77035	-14.27767	#systeme  DGsolv_calc  DGsolv_expt (kJ/mol)
16
#    charge    sigma(Ang)  epsilon(kJ/mol)  x         y         z        Zatomic
1 -0.087200   3.39967   1.91652             0.120     0.060    -1.080         6
2 -0.180800   3.39967   1.91652            -0.990     0.890    -1.710         6
3  0.559001   3.39967   1.50658            -2.370     0.320    -1.450         6
4 -0.528401   2.95992   3.67887            -2.540    -0.710    -0.790         8
5 -0.180800   3.39967   1.91652            -3.530     1.100    -2.050         6
6 -0.087200   3.39967   1.91652            -4.880     0.480    -1.750         6
7  0.043100   2.64953   0.27504             1.100     0.510    -1.300         1
8  0.043100   2.64953   0.27504            -0.000     0.000     0.000         1
9  0.043100   2.64953   0.27504             0.110    -0.960    -1.480         1
10  0.061700   2.64953   0.27504            -0.960     1.910    -1.310         1
11  0.061700   2.64953   0.27504            -0.840     0.940    -2.800         1
12  0.061700   2.64953   0.27504            -3.380     1.150    -3.130         1
13  0.061700   2.64953   0.27504            -3.500     2.120    -1.650         1
14  0.043100   2.64953   0.27504            -5.690     1.060    -2.200         1
15  0.043100   2.64953   0.27504            -5.050     0.430    -0.670         1
16  0.043100   2.64953   0.27504            -4.930    -0.540    -2.150         1
