mobley_6739648	-17.874303	-21.18622	#systeme  DGsolv_calc  DGsolv_expt (kJ/mol)
14
#    charge    sigma(Ang)  epsilon(kJ/mol)  x         y         z        Zatomic
1  0.090500   3.39967   1.91652             0.230    -0.920    -1.030         6
2  0.090500   3.39967   1.91652            -0.110     0.550    -1.290         6
3 -0.413000   3.00001   2.97813             0.370     1.340    -0.190         8
4  0.090500   3.39967   1.91652            -0.230     0.920     1.030         6
5  0.090500   3.39967   1.91652             0.110    -0.550     1.290         6
6 -0.413000   3.00001   2.97813            -0.370    -1.340     0.190         8
7  0.058000   2.47135   0.27504             1.310    -1.070    -0.980         1
8  0.058000   2.47135   0.27504            -0.170    -1.540    -1.840         1
9  0.058000   2.47135   0.27504             0.380     0.900    -2.200         1
10  0.058000   2.47135   0.27504            -1.190     0.700    -1.390         1
11  0.058000   2.47135   0.27504             0.170     1.540     1.840         1
12  0.058000   2.47135   0.27504            -1.310     1.070     0.980         1
13  0.058000   2.47135   0.27504             1.190    -0.700     1.390         1
14  0.058000   2.47135   0.27504            -0.380    -0.900     2.200         1
