mobley_52782	-26.072449	-23.99151	#systeme  DGsolv_calc  DGsolv_expt (kJ/mol)
14
#    charge    sigma(Ang)  epsilon(kJ/mol)  x         y         z        Zatomic
1  0.124700   3.39967   1.91652            -2.150    -0.190    -0.120         6
2  0.124800   3.39967   1.91652            -0.890     0.450     0.440         6
3 -0.342900   3.00001   2.97813            -0.810     1.790    -0.030         8
4  0.378750   3.25000   2.97813             0.330     2.490     0.450         7
5 -0.169700   2.95992   3.67887             1.110     1.880     1.190         8
6 -0.169700   2.95992   3.67887             0.390     3.650     0.040         8
7 -0.342900   3.00001   2.97813            -3.280     0.540     0.320         8
8  0.378750   3.25000   2.97813            -4.520     0.020    -0.160         7
9 -0.169700   2.95992   3.67887            -4.470    -0.990    -0.880         8
10 -0.169700   2.95992   3.67887            -5.490     0.660     0.230         8
11  0.089400   2.47135   0.27504            -2.250    -1.230     0.230         1
12  0.089400   2.47135   0.27504            -2.130    -0.180    -1.210         1
13  0.089400   2.47135   0.27504             0.010    -0.080     0.110         1
14  0.089400   2.47135   0.27504            -0.930     0.470     1.530         1
