mobley_5026370	-24.138055	-25.20574	#systeme  DGsolv_calc  DGsolv_expt (kJ/mol)
12
#    charge    sigma(Ang)  epsilon(kJ/mol)  x         y         z        Zatomic
1 -0.210700   3.39967   1.50658             0.230    -0.420     0.970         6
2  0.393300   3.39967   1.50658            -0.630    -1.320     1.580         6
3 -0.646801   3.25000   2.97813            -0.410    -1.880     2.790         7
4  0.393300   3.39967   1.50658             0.730    -1.520     3.420         6
5 -0.210700   3.39967   1.50658             1.650    -0.620     2.900         6
6  0.024000   3.39967   1.50658             1.390    -0.070     1.650         6
7  0.225100   3.39967   3.67887             2.310     0.860     1.070         6
8 -0.343900   3.25000   2.97813             3.050     1.610     0.590         7
9  0.156900   2.59964   0.26278            -0.010    -0.010    -0.000         1
10  0.031300   2.51055   0.26278            -1.550    -1.630     1.090         1
11  0.031300   2.51055   0.26278             0.890    -1.980     4.390         1
12  0.156900   2.59964   0.26278             2.550    -0.370     3.460         1
