mobley_2294995	-16.191129	-10.71872	#systeme  DGsolv_calc  DGsolv_expt (kJ/mol)
11
#    charge    sigma(Ang)  epsilon(kJ/mol)  x         y         z        Zatomic
1 -0.099400   3.39967   1.91652             1.060    -0.270    -0.000         6
2  0.132400   3.39967   1.91652             1.910     0.910    -0.420         6
3 -0.447600   3.00001   2.97813             1.520     1.320    -1.720         8
4  0.628601   3.39967   1.50658             2.200     2.380    -2.240         6
5 -0.539501   2.95992   3.67887             3.100     3.010    -1.710         8
6  0.048200   2.64953   0.27504             1.340    -0.610     1.000         1
7  0.048200   2.64953   0.27504            -0.000    -0.000    -0.000         1
8  0.048200   2.64953   0.27504             1.180    -1.100    -0.700         1
9  0.050500   2.47135   0.27504             2.970     0.640    -0.450         1
10  0.050500   2.47135   0.27504             1.770     1.750     0.270         1
11  0.079900   2.42146   0.26278             1.800     2.610    -3.240         1
