mobley_5263791	-12.397707	-10.0488	#systeme  DGsolv_calc  DGsolv_expt (kJ/mol)
24
#    charge    sigma(Ang)  epsilon(kJ/mol)  x         y         z        Zatomic
1 -0.090800   3.39967   1.91652            -0.910    -4.570     2.550         6
2 -0.041500   3.39967   1.91652            -1.010    -4.390     1.040         6
3 -0.062500   3.39967   1.50658            -0.050    -3.350     0.550         6
4 -0.130900   3.39967   1.50658            -0.500    -2.030     0.490         6
5 -0.124800   3.39967   1.50658             0.350    -1.030     0.040         6
6 -0.121500   3.39967   1.50658             1.650    -1.340    -0.370         6
7 -0.034600   3.39967   1.50658             2.120    -2.660    -0.320         6
8 -0.027000   3.39967   1.50658             1.260    -3.680     0.140         6
9 -0.118500   3.39967   1.50658             1.720    -5.010     0.180         6
10 -0.129300   3.39967   1.50658             3.020    -5.320    -0.220         6
11 -0.128300   3.39967   1.50658             3.870    -4.310    -0.680         6
12 -0.118200   3.39967   1.50658             3.420    -2.990    -0.730         6
13  0.037100   2.64953   0.27504            -1.620    -5.330     2.910         1
14  0.037100   2.64953   0.27504            -1.140    -3.630     3.060         1
15  0.037100   2.64953   0.27504             0.100    -4.880     2.850         1
16  0.046900   2.64953   0.27504            -2.030    -4.100     0.770         1
17  0.046900   2.64953   0.27504            -0.820    -5.340     0.540         1
18  0.131100   2.59964   0.26278            -1.510    -1.780     0.810         1
19  0.131800   2.59964   0.26278             0.000    -0.000    -0.000         1
20  0.131800   2.59964   0.26278             2.290    -0.530    -0.720         1
21  0.134300   2.59964   0.26278             1.090    -5.820     0.530         1
22  0.130900   2.59964   0.26278             3.370    -6.340    -0.180         1
23  0.131100   2.59964   0.26278             4.880    -4.550    -0.990         1
24  0.131800   2.59964   0.26278             4.100    -2.220    -1.090         1
