mobley_129464	0.581993	-3.47521	#systeme  DGsolv_calc  DGsolv_expt (kJ/mol)
27
#    charge    sigma(Ang)  epsilon(kJ/mol)  x         y         z        Zatomic
1 -0.091900   3.39967   1.91652             0.700    -2.230    -0.770         6
2 -0.078300   3.39967   1.91652            -0.420    -2.650     0.170         6
3 -0.084100   3.39967   1.91652            -1.780    -2.580    -0.520         6
4  0.131800   3.39967   1.91652            -2.900    -3.000     0.410         6
5 -0.424300   3.00001   2.97813            -4.140    -2.920    -0.290         8
6  0.131800   3.39967   1.91652            -5.230    -3.290     0.540         6
7 -0.084100   3.39967   1.91652            -6.520    -3.180    -0.270         6
8 -0.078300   3.39967   1.91652            -7.740    -3.570     0.560         6
9 -0.091800   3.39967   1.91652            -9.020    -3.460    -0.260         6
10  0.034400   2.64953   0.27504             1.670    -2.280    -0.270         1
11  0.034400   2.64953   0.27504             0.740    -2.890    -1.650         1
12  0.034400   2.64953   0.27504             0.550    -1.210    -1.120         1
13  0.038100   2.64953   0.27504            -0.230    -3.660     0.530         1
14  0.038100   2.64953   0.27504            -0.420    -1.990     1.040         1
15  0.053800   2.64953   0.27504            -1.970    -1.570    -0.900         1
16  0.053800   2.64953   0.27504            -1.780    -3.230    -1.410         1
17  0.023800   2.47135   0.27504            -2.770    -4.020     0.760         1
18  0.023800   2.47135   0.27504            -2.960    -2.330     1.280         1
19  0.023800   2.47135   0.27504            -5.260    -2.620     1.400         1
20  0.023800   2.47135   0.27504            -5.070    -4.320     0.880         1
21  0.053800   2.64953   0.27504            -6.440    -3.820    -1.160         1
22  0.053800   2.64953   0.27504            -6.630    -2.160    -0.650         1
23  0.038100   2.64953   0.27504            -7.820    -2.920     1.430         1
24  0.038100   2.64953   0.27504            -7.630    -4.600     0.920         1
25  0.034400   2.64953   0.27504            -9.890    -3.750     0.340         1
26  0.034400   2.64953   0.27504            -9.170    -2.440    -0.620         1
27  0.034400   2.64953   0.27504            -8.980    -4.130    -1.120         1
