mobley_2517158	5.120701	1.42358	#systeme  DGsolv_calc  DGsolv_expt (kJ/mol)
23
#    charge    sigma(Ang)  epsilon(kJ/mol)  x         y         z        Zatomic
1 -0.092400   3.39967   1.91652            -3.640     0.500     0.530         6
2 -0.079900   3.39967   1.91652            -2.160     0.630     0.860         6
3 -0.078900   3.39967   1.91652            -1.280     0.090    -0.270         6
4 -0.077300   3.39967   1.91652             0.200     0.220     0.070         6
5 -0.079900   3.39967   1.91652             1.080    -0.320    -1.060         6
6 -0.081000   3.39967   1.91652             2.580    -0.210    -0.770         6
7 -0.009100   3.39967   1.91652             3.450    -0.750    -1.890         6
8 -0.178700   3.59923   7.35773             5.330    -0.560    -1.420        40
9  0.033400   2.64953   0.27504            -4.250     0.890     1.350         1
10  0.033400   2.64953   0.27504            -3.890     1.060    -0.380         1
11  0.033400   2.64953   0.27504            -3.920    -0.550     0.370         1
12  0.039000   2.64953   0.27504            -1.950     0.080     1.790         1
13  0.039000   2.64953   0.27504            -1.930     1.680     1.040         1
14  0.039200   2.64953   0.27504            -1.500     0.640    -1.190         1
15  0.039200   2.64953   0.27504            -1.530    -0.970    -0.450         1
16  0.041300   2.64953   0.27504             0.410    -0.320     1.000         1
17  0.041300   2.64953   0.27504             0.440     1.280     0.260         1
18  0.041300   2.64953   0.27504             0.870     0.240    -1.980         1
19  0.041300   2.64953   0.27504             0.820    -1.370    -1.260         1
20  0.055900   2.64953   0.27504             2.820     0.850    -0.590         1
21  0.055900   2.64953   0.27504             2.810    -0.730     0.170         1
22  0.071800   2.47135   0.27504             3.290    -1.810    -2.070         1
23  0.071800   2.47135   0.27504             3.300    -0.190    -2.820         1
