mobley_2143011	10.266524	7.66221	#systeme  DGsolv_calc  DGsolv_expt (kJ/mol)
15
#    charge    sigma(Ang)  epsilon(kJ/mol)  x         y         z        Zatomic
1 -0.086400   3.39967   1.91652             2.150    -3.730     0.980         6
2 -0.041700   3.39967   1.91652             2.370    -2.250     1.250         6
3 -0.086400   3.39967   1.91652             2.870    -2.030     2.680         6
4 -0.158200   3.39967   1.50658             1.090    -1.480     1.020         6
5 -0.224600   3.39967   1.50658             0.950    -0.500     0.130         6
6  0.035000   2.64953   0.27504             1.790    -3.890    -0.040         1
7  0.035000   2.64953   0.27504             1.400    -4.150     1.660         1
8  0.035000   2.64953   0.27504             3.080    -4.310     1.100         1
9  0.048500   2.64953   0.27504             3.140    -1.890     0.560         1
10  0.035000   2.64953   0.27504             3.030    -0.970     2.890         1
11  0.035000   2.64953   0.27504             2.150    -2.410     3.400         1
12  0.035000   2.64953   0.27504             3.820    -2.550     2.840         1
13  0.118200   2.59964   0.26278             0.230    -1.750     1.630         1
14  0.110300   2.59964   0.26278             0.010     0.020    -0.000         1
15  0.110300   2.59964   0.26278             1.790    -0.210    -0.500         1
