mobley_4149784	-13.905027	-15.36629	#systeme  DGsolv_calc  DGsolv_expt (kJ/mol)
22
#    charge    sigma(Ang)  epsilon(kJ/mol)  x         y         z        Zatomic
1 -0.120900   3.39967   1.50658            -1.000    -0.260     0.330         6
2 -0.108200   3.39967   1.50658            -1.440    -1.580     0.270         6
3  0.062400   3.39967   1.50658            -2.730    -1.910     0.690         6
4  0.071100   3.39967   1.50658            -3.580    -0.910     1.160         6
5 -0.112600   3.39967   1.50658            -3.150     0.420     1.220         6
6  0.018800   3.39967   1.50658            -1.860     0.740     0.800         6
7 -0.079900   3.47094   4.64238            -1.320     2.370     0.870        18
8 -0.218050   3.00001   2.97813            -4.860    -1.180     1.590         8
9  0.062400   3.39967   1.50658            -5.240    -2.500     1.510         6
10 -0.108200   3.39967   1.50658            -6.530    -2.820     1.930         6
11 -0.120800   3.39967   1.50658            -6.960    -4.150     1.880         6
12  0.018800   3.39967   1.50658            -6.110    -5.140     1.400         6
13 -0.112600   3.39967   1.50658            -4.820    -4.820     0.980         6
14  0.071100   3.39967   1.50658            -4.390    -3.490     1.040         6
15 -0.218050   3.00001   2.97813            -3.110    -3.220     0.620         8
16 -0.079900   3.47094   4.64238            -6.650    -6.780     1.340        18
17  0.156000   2.59964   0.26278             0.000    -0.020    -0.000         1
18  0.161000   2.59964   0.26278            -0.770    -2.350    -0.100         1
19  0.170300   2.59964   0.26278            -3.820     1.190     1.590         1
20  0.161000   2.59964   0.26278            -7.200    -2.050     2.300         1
21  0.156000   2.59964   0.26278            -7.970    -4.390     2.210         1
22  0.170300   2.59964   0.26278            -4.150    -5.590     0.610         1
