mobley_8337722	-14.02645	-13.3984	#systeme  DGsolv_calc  DGsolv_expt (kJ/mol)
31
#    charge    sigma(Ang)  epsilon(kJ/mol)  x         y         z        Zatomic
1 -0.091000   3.39967   1.91652             0.760    -1.410     2.250         6
2 -0.061600   3.39967   1.91652             0.930     0.080     1.960         6
3  0.048600   2.64953   0.27504             0.070     0.610     2.390         1
4 -0.075600   3.39967   1.91652             0.950     0.340     0.450         6
5 -0.077800   3.39967   1.91652             1.160     1.810     0.130         6
6 -0.049600   3.39967   1.91652             2.430     2.360     0.780         6
7  0.059800   2.64953   0.27504             3.300     1.850     0.340         1
8  0.143400   3.39967   1.91652             2.420     2.100     2.290         6
9  0.034800   2.47135   0.27504             1.640     2.700     2.770         1
10 -0.109600   3.39967   1.91652             2.200     0.620     2.610         6
11 -0.603101   3.06647   3.68587             3.670     2.510     2.850         8
12 -0.064000   3.39967   1.91652             2.580     3.860     0.470         6
13 -0.089400   3.39967   1.91652             2.670     4.080    -1.040         6
14 -0.089400   3.39967   1.91652             1.420     4.640     1.060         6
15  0.034500   2.64953   0.27504             1.600    -1.980     1.840         1
16  0.034500   2.64953   0.27504             0.720    -1.580     3.330         1
17  0.034500   2.64953   0.27504            -0.170    -1.790     1.810         1
18  0.042100   2.64953   0.27504             1.740    -0.250    -0.030         1
19  0.042100   2.64953   0.27504            -0.000     0.000     0.000         1
20  0.044000   2.64953   0.27504             1.210     1.940    -0.960         1
21  0.044000   2.64953   0.27504             0.280     2.380     0.470         1
22  0.045900   2.64953   0.27504             3.080     0.040     2.280         1
23  0.045900   2.64953   0.27504             2.160     0.490     3.700         1
24  0.397400   0.00000   0.00000             3.630     2.330     3.800         1
25  0.066400   2.64953   0.27504             3.510     4.200     0.930         1
26  0.032200   2.64953   0.27504             2.780     5.140    -1.280         1
27  0.032200   2.64953   0.27504             1.770     3.710    -1.540         1
28  0.032200   2.64953   0.27504             3.530     3.550    -1.460         1
29  0.032200   2.64953   0.27504             1.520     5.720     0.850         1
30  0.032200   2.64953   0.27504             1.390     4.520     2.150         1
31  0.032200   2.64953   0.27504             0.470     4.300     0.650         1
