mobley_6102880	-11.76547	-12.01669	#systeme  DGsolv_calc  DGsolv_expt (kJ/mol)
23
#    charge    sigma(Ang)  epsilon(kJ/mol)  x         y         z        Zatomic
1 -0.145100   3.39967   1.50658             1.880    -1.030    -0.110         6
2 -0.112700   3.39967   1.50658             3.070    -0.990     0.620         6
3 -0.150500   3.39967   1.50658             3.030    -1.010     2.020         6
4  0.098400   3.39967   1.50658             1.800    -1.080     2.680         6
5 -0.150500   3.39967   1.50658             0.610    -1.120     1.940         6
6 -0.112700   3.39967   1.50658             0.660    -1.100     0.550         6
7 -0.254500   3.00001   2.97813             1.760    -1.100     4.040         8
8  0.098400   3.39967   1.50658             2.650    -1.930     4.690         6
9 -0.150500   3.39967   1.50658             3.350    -1.470     5.800         6
10 -0.112700   3.39967   1.50658             4.250    -2.310     6.470         6
11 -0.145000   3.39967   1.50658             4.430    -3.620     6.020         6
12 -0.112700   3.39967   1.50658             3.730    -4.080     4.910         6
13 -0.150500   3.39967   1.50658             2.830    -3.240     4.250         6
14  0.134500   2.59964   0.26278             1.920    -1.020    -1.200         1
15  0.134600   2.59964   0.26278             4.020    -0.940     0.110         1
16  0.148300   2.59964   0.26278             3.950    -0.980     2.580         1
17  0.148300   2.59964   0.26278            -0.340    -1.170     2.450         1
18  0.134600   2.59964   0.26278            -0.270    -1.140    -0.020         1
19  0.148300   2.59964   0.26278             3.210    -0.450     6.160         1
20  0.134600   2.59964   0.26278             4.790    -1.940     7.330         1
21  0.134500   2.59964   0.26278             5.130    -4.270     6.540         1
22  0.134600   2.59964   0.26278             3.870    -5.100     4.570         1
23  0.148300   2.59964   0.26278             2.290    -3.610     3.390         1
