mobley_8882696	-9.215587	-14.52889	#systeme  DGsolv_calc  DGsolv_expt (kJ/mol)
13
#    charge    sigma(Ang)  epsilon(kJ/mol)  x         y         z        Zatomic
1 -0.111700   3.39967   1.91652            -0.540    -1.020    -0.510         6
2 -0.111700   3.39967   1.91652            -0.540     0.370    -1.080         6
3  0.124000   3.39967   1.91652             0.600     1.020    -0.330         6
4 -0.429400   3.00001   2.97813             0.660     0.400     0.960         8
5  0.124000   3.39967   1.91652            -0.180    -0.770     0.940         6
6  0.054700   2.64953   0.27504             0.250    -1.620    -0.980         1
7  0.054700   2.64953   0.27504            -1.490    -1.550    -0.630         1
8  0.054700   2.64953   0.27504            -0.420     0.410    -2.160         1
9  0.054700   2.64953   0.27504            -1.480     0.870    -0.820         1
10  0.046500   2.47135   0.27504             1.560     0.830    -0.830         1
11  0.046500   2.47135   0.27504             0.480     2.100    -0.210         1
12  0.046500   2.47135   0.27504             0.340    -1.610     1.410         1
13  0.046500   2.47135   0.27504            -1.080    -0.540     1.540         1
