mobley_967099	-7.289567	-13.10531	#systeme  DGsolv_calc  DGsolv_expt (kJ/mol)
13
#    charge    sigma(Ang)  epsilon(kJ/mol)  x         y         z        Zatomic
1 -0.114700   3.39967   1.91652            -0.510    -0.390     0.890         6
2 -0.046900   3.39967   1.91652             0.430    -0.480     2.070         6
3 -0.114700   3.39967   1.91652             1.020     0.870     2.440         6
4  0.220100   3.25000   2.97813             1.530    -1.380     1.720         7
5 -0.212100   2.95992   3.67887             2.240    -1.080     0.740         8
6 -0.212100   2.95992   3.67887             1.680    -2.410     2.400         8
7  0.063400   2.64953   0.27504            -0.930    -1.370     0.640         1
8  0.063400   2.64953   0.27504            -1.350     0.300     1.090         1
9  0.063400   2.64953   0.27504             0.010    -0.010     0.010         1
10  0.100000   2.47135   0.27504            -0.090    -0.900     2.940         1
11  0.063400   2.64953   0.27504             1.700     0.780     3.300         1
12  0.063400   2.64953   0.27504             0.240     1.590     2.700         1
13  0.063400   2.64953   0.27504             1.610     1.290     1.610         1
