mobley_9028462	-5.665011	-4.6057	#systeme  DGsolv_calc  DGsolv_expt (kJ/mol)
11
#    charge    sigma(Ang)  epsilon(kJ/mol)  x         y         z        Zatomic
1  0.121900   3.39967   1.91652            -0.450    -0.990     0.170         6
2 -0.403400   3.00001   2.97813            -0.860    -1.120     1.530         8
3  0.590101   3.39967   1.50658             0.140    -1.010     2.460         6
4 -0.467900   2.95992   3.67887             1.330    -0.820     2.230         8
5  0.605701   3.39967   1.91652            -0.430    -1.180     3.830         6
6 -0.212100   3.11815   1.06862            -1.770    -1.390     3.800        10
7 -0.212100   3.11815   1.06862             0.120    -2.230     4.480        10
8 -0.212100   3.11815   1.06862            -0.220    -0.080     4.600        10
9  0.063300   2.47135   0.27504            -1.320    -1.090    -0.490         1
10  0.063300   2.47135   0.27504             0.290    -1.760    -0.070         1
11  0.063300   2.47135   0.27504            -0.000    -0.000     0.020         1
