mobley_8916409	-46.869278	-34.12405	#systeme  DGsolv_calc  DGsolv_expt (kJ/mol)
38
#    charge    sigma(Ang)  epsilon(kJ/mol)  x         y         z        Zatomic
1 -0.101400   3.39967   1.91652            -2.520    -5.510    -1.260         6
2  0.134600   3.39967   1.91652            -3.210    -4.350    -0.570         6
3 -0.431200   3.00001   2.97813            -3.250    -3.230    -1.460         8
4  0.624801   3.39967   1.50658            -3.850    -2.110    -0.960         6
5 -0.530601   2.95992   3.67887            -4.340    -1.990     0.150         8
6 -0.139600   3.39967   1.91652            -3.780    -1.010    -2.010         6
7  0.114200   3.39967   1.91652            -4.480    -1.380    -3.320         6
8  0.124800   2.47135   0.27504            -4.040    -2.270    -3.780         1
9  0.654201   3.39967   1.50658            -4.360    -0.230    -4.310         6
10 -0.507501   2.95992   3.67887            -5.150     0.690    -4.430         8
11 -0.426400   3.00001   2.97813            -3.240    -0.420    -5.070         8
12  0.141800   3.39967   1.91652            -3.010     0.570    -6.080         6
13 -0.101900   3.39967   1.91652            -1.740     0.220    -6.820         6
14 -0.391700   3.56359   4.37960            -6.240    -1.760    -3.050        16
15  0.836701   3.74177   3.50368            -6.820    -2.890    -4.760        15
16 -0.394700   3.56359   4.37960            -8.680    -3.510    -4.860        16
17 -0.491300   3.00001   2.97813            -6.380    -2.030    -6.080         8
18  0.120100   3.39967   1.91652            -6.240    -2.670    -7.330         6
19 -0.491300   3.00001   2.97813            -5.760    -4.120    -4.910         8
20  0.120100   3.39967   1.91652            -5.600    -5.070    -3.870         6
21  0.049500   2.64953   0.27504            -2.470    -6.380    -0.600         1
22  0.049500   2.64953   0.27504            -3.050    -5.780    -2.180         1
23  0.049500   2.64953   0.27504            -1.500    -5.230    -1.550         1
24  0.052900   2.47135   0.27504            -2.670    -4.060     0.340         1
25  0.052900   2.47135   0.27504            -4.230    -4.620    -0.300         1
26  0.108800   2.64953   0.27504            -2.730    -0.760    -2.200         1
27  0.108800   2.64953   0.27504            -4.250    -0.130    -1.570         1
28  0.052600   2.47135   0.27504            -3.870     0.580    -6.750         1
29  0.052600   2.47135   0.27504            -2.920     1.540    -5.590         1
30  0.051400   2.64953   0.27504            -1.530     0.960    -7.600         1
31  0.051400   2.64953   0.27504            -0.890     0.180    -6.140         1
32  0.051400   2.64953   0.27504            -1.820    -0.770    -7.280         1
33  0.067500   2.47135   0.27504            -5.930    -1.940    -8.080         1
34  0.067500   2.47135   0.27504            -7.190    -3.130    -7.610         1
35  0.067500   2.47135   0.27504            -5.470    -3.450    -7.250         1
36  0.067500   2.47135   0.27504            -4.850    -5.800    -4.160         1
37  0.067500   2.47135   0.27504            -6.560    -5.560    -3.690         1
38  0.067500   2.47135   0.27504            -5.280    -4.550    -2.960         1
