mobley_9407874	-11.547746	-12.05856	#systeme  DGsolv_calc  DGsolv_expt (kJ/mol)
25
#    charge    sigma(Ang)  epsilon(kJ/mol)  x         y         z        Zatomic
1 -0.091700   3.39967   1.91652            -5.230     4.030     0.550         6
2 -0.079900   3.39967   1.91652            -3.800     4.010     0.040         6
3 -0.078900   3.39967   1.91652            -3.500     2.720    -0.730         6
4 -0.076900   3.39967   1.91652            -2.060     2.700    -1.240         6
5 -0.074900   3.39967   1.91652            -1.760     1.410    -2.010         6
6 -0.178700   3.39967   1.91652            -0.330     1.360    -2.540         6
7  0.561601   3.39967   1.50658            -0.020     0.090    -3.300         6
8 -0.533501   2.95992   3.67887            -0.880    -0.790    -3.450         8
9 -0.203400   3.39967   1.91652             1.360    -0.060    -3.880         6
10  0.033500   2.64953   0.27504            -5.440     4.960     1.090         1
11  0.033500   2.64953   0.27504            -5.420     3.190     1.220         1
12  0.033500   2.64953   0.27504            -5.940     3.970    -0.290         1
13  0.037100   2.64953   0.27504            -3.640     4.880    -0.610         1
14  0.037100   2.64953   0.27504            -3.120     4.110     0.880         1
15  0.041400   2.64953   0.27504            -3.670     1.860    -0.080         1
16  0.041400   2.64953   0.27504            -4.200     2.630    -1.580         1
17  0.036600   2.64953   0.27504            -1.370     2.800    -0.400         1
18  0.036600   2.64953   0.27504            -1.890     3.570    -1.900         1
19  0.054100   2.64953   0.27504            -1.960     0.550    -1.370         1
20  0.054100   2.64953   0.27504            -2.450     1.340    -2.870         1
21  0.063300   2.64953   0.27504            -0.150     2.210    -3.210         1
22  0.063300   2.64953   0.27504             0.380     1.460    -1.710         1
23  0.063600   2.64953   0.27504             2.010    -0.540    -3.150         1
24  0.063600   2.64953   0.27504             1.320    -0.680    -4.780         1
25  0.063600   2.64953   0.27504             1.770     0.930    -4.110         1
