mobley_3034976	-30.485547	-28.01103	#systeme  DGsolv_calc  DGsolv_expt (kJ/mol)
8
#    charge    sigma(Ang)  epsilon(kJ/mol)  x         y         z        Zatomic
1 -0.197700   3.39967   1.91652            -1.030     0.340    -0.130         6
2  0.623801   3.39967   1.50658            -1.650     0.610     1.200         6
3 -0.484500   2.95992   3.67887            -2.650     0.050     1.630         8
4 -0.586801   3.06647   3.68587            -0.960     1.560     1.870         8
5  0.074400   2.64953   0.27504            -1.460     1.010    -0.890         1
6  0.074400   2.64953   0.27504             0.050     0.490    -0.070         1
7  0.074400   2.64953   0.27504            -1.230    -0.690    -0.430         1
8  0.422000   0.00000   0.00000            -0.190     1.890     1.360         1
