mobley_4584540	-14.415841	-19.21833	#systeme  DGsolv_calc  DGsolv_expt (kJ/mol)
17
#    charge    sigma(Ang)  epsilon(kJ/mol)  x         y         z        Zatomic
1 -0.150100   3.39967   1.91652             0.980    -2.130     4.760         6
2  0.418400   3.39967   1.50658             0.730    -1.520     3.420         6
3 -0.255000   3.39967   1.50658             1.650    -0.620     2.900         6
4 -0.086800   3.39967   1.50658             1.390    -0.070     1.650         6
5 -0.255000   3.39967   1.50658             0.230    -0.420     0.970         6
6  0.418400   3.39967   1.50658            -0.630    -1.320     1.580         6
7 -0.673901   3.25000   2.97813            -0.410    -1.880     2.790         7
8 -0.150100   3.39967   1.91652            -1.890    -1.720     0.880         6
9  0.052700   2.64953   0.27504             1.540    -3.060     4.640         1
10  0.052700   2.64953   0.27504             1.550    -1.450     5.400         1
11  0.052700   2.64953   0.27504             0.040    -2.350     5.270         1
12  0.141100   2.59964   0.26278             2.560    -0.360     3.440         1
13  0.135700   2.59964   0.26278             2.090     0.640     1.210         1
14  0.141100   2.59964   0.26278             0.010     0.010    -0.000         1
15  0.052700   2.64953   0.27504            -1.710    -2.600     0.250         1
16  0.052700   2.64953   0.27504            -2.680    -1.960     1.600         1
17  0.052700   2.64953   0.27504            -2.270    -0.910     0.250         1
