mobley_1858644	-22.10736	-28.42973	#systeme  DGsolv_calc  DGsolv_expt (kJ/mol)
19
#    charge    sigma(Ang)  epsilon(kJ/mol)  x         y         z        Zatomic
1 -0.131700   3.39967   1.50658             1.890    -1.040    -0.110         6
2 -0.131700   3.39967   1.50658             2.920    -1.630     0.610         6
3 -0.118500   3.39967   1.50658             2.880    -1.650     2.000         6
4 -0.074700   3.39967   1.50658             1.800    -1.080     2.680         6
5 -0.118500   3.39967   1.50658             0.760    -0.480     1.960         6
6 -0.131700   3.39967   1.50658             0.810    -0.460     0.560         6
7 -0.037100   3.39967   1.91652             1.750    -1.100     4.170         6
8  0.135300   3.39967   1.91652             1.060    -2.340     4.730         6
9 -0.596701   3.06647   3.68587             1.750    -3.510     4.300         8
10  0.128100   2.59964   0.26278             1.920    -1.020    -1.200         1
11  0.129200   2.59964   0.26278             3.760    -2.080     0.080         1
12  0.132900   2.59964   0.26278             3.690    -2.120     2.560         1
13  0.132900   2.59964   0.26278            -0.080    -0.040     2.470         1
14  0.129200   2.59964   0.26278            -0.000    -0.000     0.000         1
15  0.054800   2.64953   0.27504             2.780    -1.040     4.580         1
16  0.054800   2.64953   0.27504             1.230    -0.210     4.530         1
17  0.022300   2.47135   0.27504             1.080    -2.320     5.820         1
18  0.022300   2.47135   0.27504             0.020    -2.400     4.400         1
19  0.398800   0.00000   0.00000             1.270    -4.270     4.680         1
