mobley_3151666	-10.241402	-15.24068	#systeme  DGsolv_calc  DGsolv_expt (kJ/mol)
33
#    charge    sigma(Ang)  epsilon(kJ/mol)  x         y         z        Zatomic
1 -0.091900   3.39967   1.91652            -2.620     2.380     0.250         6
2 -0.079600   3.39967   1.91652            -3.150     2.210    -1.160         6
3 -0.078700   3.39967   1.91652            -3.250     0.730    -1.540         6
4 -0.077700   3.39967   1.91652            -3.780     0.550    -2.960         6
5 -0.078100   3.39967   1.91652            -3.880    -0.930    -3.340         6
6 -0.078000   3.39967   1.91652            -4.400    -1.160    -4.760         6
7 -0.077900   3.39967   1.91652            -4.500    -2.640    -5.130         6
8 -0.077700   3.39967   1.91652            -5.030    -2.820    -6.560         6
9 -0.084200   3.39967   1.91652            -5.130    -4.300    -6.940         6
10  0.132000   3.39967   1.91652            -5.660    -4.500    -8.350         6
11 -0.601301   3.06647   3.68587            -5.730    -5.890    -8.650         8
12  0.033000   2.64953   0.27504            -2.550     3.440     0.520         1
13  0.033000   2.64953   0.27504            -1.630     1.940     0.360         1
14  0.033000   2.64953   0.27504            -3.290     1.900     0.970         1
15  0.037800   2.64953   0.27504            -4.130     2.680    -1.240         1
16  0.037800   2.64953   0.27504            -2.480     2.720    -1.860         1
17  0.038600   2.64953   0.27504            -2.260     0.260    -1.450         1
18  0.038600   2.64953   0.27504            -3.910     0.210    -0.830         1
19  0.038400   2.64953   0.27504            -3.110     1.070    -3.660         1
20  0.038400   2.64953   0.27504            -4.770     1.020    -3.050         1
21  0.039500   2.64953   0.27504            -2.900    -1.410    -3.230         1
22  0.039500   2.64953   0.27504            -4.560    -1.430    -2.640         1
23  0.039000   2.64953   0.27504            -3.760    -0.640    -5.480         1
24  0.039000   2.64953   0.27504            -5.400    -0.710    -4.830         1
25  0.041100   2.64953   0.27504            -5.170    -3.160    -4.430         1
26  0.041100   2.64953   0.27504            -3.520    -3.120    -5.060         1
27  0.038800   2.64953   0.27504            -4.370    -2.310    -7.260         1
28  0.038800   2.64953   0.27504            -6.020    -2.350    -6.640         1
29  0.055200   2.64953   0.27504            -4.150    -4.770    -6.850         1
30  0.055200   2.64953   0.27504            -5.800    -4.800    -6.230         1
31  0.019400   2.47135   0.27504            -4.980    -4.030    -9.070         1
32  0.019400   2.47135   0.27504            -6.660    -4.060    -8.470         1
33  0.398500   0.00000   0.00000            -6.070    -5.960    -9.560         1
