mobley_3525176	-0.393578	-0.96301	#systeme  DGsolv_calc  DGsolv_expt (kJ/mol)
27
#    charge    sigma(Ang)  epsilon(kJ/mol)  x         y         z        Zatomic
1 -0.092000   3.39967   1.91652            -0.900     3.650    -2.490         6
2 -0.079800   3.39967   1.91652            -0.840     2.190    -2.930         6
3 -0.078300   3.39967   1.91652            -0.030     2.030    -4.210         6
4 -0.075000   3.39967   1.91652             0.030     0.560    -4.650         6
5 -0.035800   3.39967   1.91652             0.830     0.340    -5.930         6
6 -0.076300   3.39967   1.50658             0.890    -1.100    -6.360         6
7 -0.127600   3.39967   1.50658             1.920    -1.920    -5.900         6
8 -0.128800   3.39967   1.50658             1.970    -3.260    -6.300         6
9 -0.132300   3.39967   1.50658             0.990    -3.770    -7.160         6
10 -0.128800   3.39967   1.50658            -0.040    -2.940    -7.610         6
11 -0.127600   3.39967   1.50658            -0.090    -1.610    -7.220         6
12  0.033100   2.64953   0.27504            -1.480     3.760    -1.570         1
13  0.033100   2.64953   0.27504             0.110     4.030    -2.300         1
14  0.033100   2.64953   0.27504            -1.350     4.270    -3.270         1
15  0.038900   2.64953   0.27504            -0.400     1.590    -2.130         1
16  0.038900   2.64953   0.27504            -1.860     1.820    -3.080         1
17  0.038400   2.64953   0.27504             0.990     2.410    -4.040         1
18  0.038400   2.64953   0.27504            -0.470     2.630    -5.010         1
19  0.042900   2.64953   0.27504             0.430    -0.050    -3.830         1
20  0.042900   2.64953   0.27504            -1.000     0.210    -4.820         1
21  0.046300   2.64953   0.27504             1.850     0.730    -5.810         1
22  0.046300   2.64953   0.27504             0.380     0.920    -6.740         1
23  0.130100   2.59964   0.26278             2.680    -1.530    -5.240         1
24  0.129800   2.59964   0.26278             2.770    -3.900    -5.950         1
25  0.130200   2.59964   0.26278             1.030    -4.810    -7.470         1
26  0.129800   2.59964   0.26278            -0.790    -3.340    -8.280         1
27  0.130100   2.59964   0.26278            -0.890    -0.970    -7.580         1
