mobley_1821184	-34.170107	-24.61956	#systeme  DGsolv_calc  DGsolv_expt (kJ/mol)
19
#    charge    sigma(Ang)  epsilon(kJ/mol)  x         y         z        Zatomic
1 -0.025700   3.39967   1.91652            -4.230     1.710     4.540         6
2 -0.132900   3.39967   1.50658            -3.860     0.690     3.540         6
3 -0.002200   3.39967   1.50658            -4.550    -0.470     3.270         6
4 -0.584801   3.25000   2.97813            -3.880    -1.140     2.280         7
5  0.081500   3.39967   1.50658            -2.770    -0.430     1.890         6
6 -0.089300   3.39967   1.50658            -2.730     0.730     2.670         6
7 -0.080600   3.39967   1.50658            -1.680     1.640     2.470         6
8 -0.160100   3.39967   1.50658            -0.700     1.360     1.500         6
9 -0.113200   3.39967   1.50658            -0.770     0.200     0.740         6
10 -0.146700   3.39967   1.50658            -1.800    -0.720     0.930         6
11  0.039000   2.64953   0.27504            -4.890     2.460     4.080         1
12  0.039000   2.64953   0.27504            -4.750     1.250     5.380         1
13  0.039000   2.64953   0.27504            -3.350     2.210     4.940         1
14  0.164800   2.51055   0.26278            -5.450    -0.880     3.700         1
15  0.452500   1.06908   0.27504            -4.170    -2.030     1.890         1
16  0.133200   2.59964   0.26278            -1.610     2.560     3.050         1
17  0.128700   2.59964   0.26278             0.110     2.070     1.350         1
18  0.127600   2.59964   0.26278            -0.000     0.000    -0.000         1
19  0.130200   2.59964   0.26278            -1.850    -1.630     0.330         1
