mobley_6303022	-13.35653	-19.80451	#systeme  DGsolv_calc  DGsolv_expt (kJ/mol)
17
#    charge    sigma(Ang)  epsilon(kJ/mol)  x         y         z        Zatomic
1 -0.089600   3.39967   1.91652             2.030     2.330     1.430         6
2 -0.046300   3.39967   1.91652             2.350     0.900     1.040         6
3 -0.038800   3.39967   1.50658             1.390    -0.070     1.650         6
4 -0.245800   3.39967   1.50658             0.230    -0.420     0.970         6
5  0.395100   3.39967   1.50658            -0.630    -1.320     1.580         6
6 -0.669101   3.25000   2.97813            -0.410    -1.880     2.790         7
7  0.395100   3.39967   1.50658             0.730    -1.520     3.420         6
8 -0.245800   3.39967   1.50658             1.650    -0.620     2.900         6
9  0.038600   2.64953   0.27504             2.740     3.040     0.980         1
10  0.038600   2.64953   0.27504             2.080     2.450     2.520         1
11  0.038600   2.64953   0.27504             1.020     2.620     1.110         1
12  0.050700   2.64953   0.27504             3.370     0.650     1.360         1
13  0.050700   2.64953   0.27504             2.330     0.800    -0.050         1
14  0.143200   2.59964   0.26278            -0.010    -0.010    -0.000         1
15  0.020800   2.51055   0.26278            -1.550    -1.630     1.090         1
16  0.020800   2.51055   0.26278             0.890    -1.980     4.390         1
17  0.143200   2.59964   0.26278             2.550    -0.370     3.450         1
