mobley_7690440	-0.389391	-7.66221	#systeme  DGsolv_calc  DGsolv_expt (kJ/mol)
10
#    charge    sigma(Ang)  epsilon(kJ/mol)  x         y         z        Zatomic
1 -0.049200   3.39967   1.91652             0.810    -0.660     0.320         6
2 -0.163850   3.56359   4.37960             0.240    -1.660     1.720        16
3 -0.163850   3.56359   4.37960             1.890    -2.820     2.100        16
4 -0.049100   3.39967   1.91652             1.590    -4.260     1.040         6
5  0.071000   2.47135   0.27504             0.020     0.020     0.000         1
6  0.071000   2.47135   0.27504             1.080    -1.310    -0.520         1
7  0.071000   2.47135   0.27504             1.690    -0.070     0.610         1
8  0.071000   2.47135   0.27504             2.410    -4.970     1.150         1
9  0.071000   2.47135   0.27504             1.520    -3.940     0.000         1
10  0.071000   2.47135   0.27504             0.650    -4.730     1.340         1
