mobley_1615431	-0.745286	-2.21911	#systeme  DGsolv_calc  DGsolv_expt (kJ/mol)
21
#    charge    sigma(Ang)  epsilon(kJ/mol)  x         y         z        Zatomic
1 -0.106800   3.39967   1.91652             0.230    -0.040     1.750         6
2  0.137300   3.39967   1.91652             1.350     0.920     1.410         6
3 -0.106800   3.39967   1.91652             2.120     0.480     0.170         6
4 -0.417000   3.00001   2.97813             0.810     2.220     1.190         8
5  0.137300   3.39967   1.91652             1.730     3.230     1.570         6
6 -0.106800   3.39967   1.91652             1.530     4.450     0.690         6
7 -0.106800   3.39967   1.91652             1.530     3.570     3.050         6
8  0.042000   2.64953   0.27504            -0.320     0.280     2.650         1
9  0.042000   2.64953   0.27504            -0.480    -0.110     0.920         1
10  0.042000   2.64953   0.27504             0.610    -1.050     1.930         1
11  0.032800   2.47135   0.27504             2.040     0.990     2.260         1
12  0.042000   2.64953   0.27504             2.930     1.180    -0.060         1
13  0.042000   2.64953   0.27504             1.440     0.420    -0.690         1
14  0.042000   2.64953   0.27504             2.550    -0.520     0.310         1
15  0.032800   2.47135   0.27504             2.740     2.840     1.420         1
16  0.042000   2.64953   0.27504             2.220     5.260     0.950         1
17  0.042000   2.64953   0.27504             1.690     4.190    -0.360         1
18  0.042000   2.64953   0.27504             0.500     4.830     0.770         1
19  0.042000   2.64953   0.27504             2.230     4.350     3.380         1
20  0.042000   2.64953   0.27504             1.690     2.680     3.660         1
21  0.042000   2.64953   0.27504             0.510     3.910     3.240         1
