mobley_7573149	-14.595882	-11.68173	#systeme  DGsolv_calc  DGsolv_expt (kJ/mol)
17
#    charge    sigma(Ang)  epsilon(kJ/mol)  x         y         z        Zatomic
1 -0.095400   3.39967   1.91652            -0.000    -0.670     0.870         6
2 -0.103800   3.39967   1.91652             1.240    -0.440     1.710         6
3  0.135400   3.39967   1.91652             1.280    -1.350     2.930         6
4 -0.443100   3.00001   2.97813             2.460    -1.090     3.660         8
5  0.634901   3.39967   1.50658             2.640    -1.830     4.800         6
6 -0.544701   2.95992   3.67887             1.870    -2.690     5.220         8
7 -0.151500   3.39967   1.91652             3.920    -1.450     5.460         6
8  0.039400   2.64953   0.27504            -0.010    -0.010    -0.010         1
9  0.039400   2.64953   0.27504            -0.040    -1.700     0.520         1
10  0.039400   2.64953   0.27504            -0.910    -0.470     1.450         1
11  0.048500   2.64953   0.27504             1.300     0.600     2.020         1
12  0.048500   2.64953   0.27504             2.140    -0.620     1.100         1
13  0.064000   2.47135   0.27504             0.420    -1.160     3.580         1
14  0.064000   2.47135   0.27504             1.270    -2.400     2.630         1
15  0.075000   2.64953   0.27504             3.750    -0.640     6.180         1
16  0.075000   2.64953   0.27504             4.660    -1.160     4.710         1
17  0.075000   2.64953   0.27504             4.320    -2.320     6.010         1
