mobley_2771569	-34.220351	-32.53299	#systeme  DGsolv_calc  DGsolv_expt (kJ/mol)
19
#    charge    sigma(Ang)  epsilon(kJ/mol)  x         y         z        Zatomic
1  0.152200   3.39967   1.91652            -0.190    -2.040     4.080         6
2 -0.723601   3.25000   2.97813            -0.420    -2.120     2.640         7
3  0.163500   3.39967   1.91652            -0.070    -0.850     1.980         6
4  0.161900   3.39967   1.91652            -0.310    -0.940     0.470         6
5 -0.820001   3.25000   2.97813             0.430    -2.040    -0.130         7
6  0.161900   3.39967   1.91652             0.090    -3.300     0.530         6
7  0.163500   3.39967   1.91652             0.330    -3.230     2.040         6
8  0.032200   2.47135   0.27504            -0.750    -1.210     4.510         1
9  0.032200   2.47135   0.27504             0.880    -1.890     4.280         1
10  0.032200   2.47135   0.27504            -0.500    -2.970     4.560         1
11  0.037000   2.47135   0.27504            -0.690    -0.040     2.380         1
12  0.037000   2.47135   0.27504             0.980    -0.590     2.180         1
13  0.033400   2.47135   0.27504            -1.380    -1.050     0.260         1
14  0.033400   2.47135   0.27504             0.010     0.000     0.010         1
15  0.362400   1.06908   0.27504             0.210    -2.110    -1.120         1
16  0.033400   2.47135   0.27504            -0.960    -3.560     0.330         1
17  0.033400   2.47135   0.27504             0.710    -4.100     0.110         1
18  0.037000   2.47135   0.27504             0.010    -4.180     2.490         1
19  0.037000   2.47135   0.27504             1.410    -3.120     2.240         1
