mobley_2123854	-35.12893	-42.58179	#systeme  DGsolv_calc  DGsolv_expt (kJ/mol)
14
#    charge    sigma(Ang)  epsilon(kJ/mol)  x         y         z        Zatomic
1 -0.053000   3.39967   1.50658             1.890    -1.040    -0.110         6
2 -0.192500   3.39967   1.50658             2.920    -1.630     0.610         6
3  0.149100   3.39967   1.50658             2.880    -1.650     2.000         6
4 -0.192500   3.39967   1.50658             1.800    -1.080     2.680         6
5 -0.053000   3.39967   1.50658             0.760    -0.480     1.960         6
6 -0.058400   3.39967   1.50658             0.810    -0.460     0.560         6
7  0.237300   3.39967   3.67887            -0.260     0.150    -0.180         6
8 -0.368100   3.25000   2.97813            -1.120     0.640    -0.780         7
9 -0.490600   3.06647   3.68587             3.890    -2.230     2.710         8
10  0.148000   2.59964   0.26278             1.930    -1.030    -1.200         1
11  0.150300   2.59964   0.26278             3.760    -2.080     0.080         1
12  0.150300   2.59964   0.26278             1.760    -1.090     3.760         1
13  0.148000   2.59964   0.26278            -0.070    -0.040     2.490         1
14  0.425100   0.00000   0.00000             3.720    -2.170     3.660         1
