mobley_5467162	-23.208541	-24.74517	#systeme  DGsolv_calc  DGsolv_expt (kJ/mol)
25
#    charge    sigma(Ang)  epsilon(kJ/mol)  x         y         z        Zatomic
1 -0.085900   3.39967   1.91652            -1.010     0.030    -0.430         6
2 -0.005500   3.39967   1.91652            -2.090     0.330     0.620         6
3 -0.085900   3.39967   1.91652            -1.780     1.680     1.300         6
4 -0.085900   3.39967   1.91652            -3.430     0.500    -0.130         6
5 -0.098200   3.39967   1.50658            -2.110    -0.780     1.680         6
6 -0.092700   3.39967   1.50658            -3.270    -1.530     1.890         6
7 -0.184700   3.39967   1.50658            -3.280    -2.540     2.850         6
8  0.120000   3.39967   1.50658            -2.140    -2.800     3.610         6
9 -0.184700   3.39967   1.50658            -0.980    -2.050     3.400         6
10 -0.092700   3.39967   1.50658            -0.970    -1.040     2.440         6
11 -0.498700   3.06647   3.68587            -2.150    -3.790     4.550         8
12  0.036500   2.64953   0.27504            -1.200    -0.930    -0.930         1
13  0.036500   2.64953   0.27504            -0.960     0.790    -1.220         1
14  0.036500   2.64953   0.27504            -0.010    -0.030     0.030         1
15  0.036500   2.64953   0.27504            -2.520     1.950     2.060         1
16  0.036500   2.64953   0.27504            -0.800     1.660     1.790         1
17  0.036500   2.64953   0.27504            -1.760     2.500     0.560         1
18  0.036500   2.64953   0.27504            -4.250     0.710     0.560         1
19  0.036500   2.64953   0.27504            -3.390     1.320    -0.850         1
20  0.036500   2.64953   0.27504            -3.700    -0.420    -0.680         1
21  0.134100   2.59964   0.26278            -4.160    -1.340     1.300         1
22  0.140100   2.59964   0.26278            -4.190    -3.130     3.000         1
23  0.140100   2.59964   0.26278            -0.090    -2.250     3.990         1
24  0.134100   2.59964   0.26278            -0.060    -0.460     2.290         1
25  0.418000   0.00000   0.00000            -1.290    -3.840     4.990         1
