mobley_9073553	1.84228	-6.74107	#systeme  DGsolv_calc  DGsolv_expt (kJ/mol)
9
#    charge    sigma(Ang)  epsilon(kJ/mol)  x         y         z        Zatomic
1 -0.046500   3.39967   1.91652             0.990    -0.330     0.340         6
2 -0.277200   3.56359   4.37960             1.220     0.180     2.060        16
3 -0.046500   3.39967   1.91652             2.880    -0.490     2.310         6
4  0.061700   2.47135   0.27504             0.000    -0.010    -0.010         1
5  0.061700   2.47135   0.27504             1.050    -1.420     0.260         1
6  0.061700   2.47135   0.27504             1.760     0.120    -0.290         1
7  0.061700   2.47135   0.27504             3.220    -0.270     3.330         1
8  0.061700   2.47135   0.27504             3.580    -0.030     1.600         1
9  0.061700   2.47135   0.27504             2.870    -1.570     2.150         1
