mobley_9246215	9.868759	3.89391	#systeme  DGsolv_calc  DGsolv_expt (kJ/mol)
13
#    charge    sigma(Ang)  epsilon(kJ/mol)  x         y         z        Zatomic
1 -0.220300   3.39967   1.50658             1.340    -0.080    -1.790         6
2 -0.158300   3.39967   1.50658             1.210    -0.300    -0.480         6
3 -0.027400   3.39967   1.91652            -0.070    -0.760     0.170         6
4 -0.158300   3.39967   1.50658            -0.550     0.230     1.190         6
5 -0.220300   3.39967   1.50658            -1.730     0.850     1.130         6
6  0.111500   2.59964   0.26278             2.290     0.240    -2.200         1
7  0.111500   2.59964   0.26278             0.510    -0.220    -2.480         1
8  0.118300   2.59964   0.26278             2.070    -0.160     0.160         1
9  0.051000   2.64953   0.27504             0.120    -1.720     0.670         1
10  0.051000   2.64953   0.27504            -0.840    -0.950    -0.580         1
11  0.118300   2.59964   0.26278             0.100     0.440     2.040         1
12  0.111500   2.59964   0.26278            -2.030     1.550     1.910         1
13  0.111500   2.59964   0.26278            -2.430     0.670     0.320         1
