mobley_3210206	-23.639802	-20.72565	#systeme  DGsolv_calc  DGsolv_expt (kJ/mol)
17
#    charge    sigma(Ang)  epsilon(kJ/mol)  x         y         z        Zatomic
1 -0.138200   3.39967   1.91652            -0.420     0.810     0.600         6
2  0.152200   3.39967   1.91652            -0.180     0.580     2.090         6
3  0.102300   2.47135   0.27504             0.890     0.570     2.300         1
4  0.123300   3.39967   1.91652            -0.880     1.640     2.930         6
5 -0.351100   3.00001   2.97813            -0.620     1.380     4.310         8
6  0.379900   3.25000   2.97813            -1.220     2.320     5.190         7
7 -0.165500   2.95992   3.67887            -1.880     3.230     4.680         8
8 -0.165500   2.95992   3.67887            -0.990     2.080     6.370         8
9 -0.370400   3.00001   2.97813            -0.710    -0.690     2.450         8
10  0.384500   3.25000   2.97813             0.150    -1.770     2.110         7
11 -0.172300   2.95992   3.67887             1.220    -1.510     1.560         8
12 -0.172300   2.95992   3.67887            -0.320    -2.870     2.430         8
13  0.068100   2.64953   0.27504            -1.500     0.830     0.380         1
14  0.068100   2.64953   0.27504             0.010     1.760     0.270         1
15  0.068100   2.64953   0.27504             0.010    -0.000     0.000         1
16  0.094400   2.47135   0.27504            -0.490     2.650     2.700         1
17  0.094400   2.47135   0.27504            -1.960     1.620     2.780         1
