mobley_1144156	-2.583379	-6.65733	#systeme  DGsolv_calc  DGsolv_expt (kJ/mol)
15
#    charge    sigma(Ang)  epsilon(kJ/mol)  x         y         z        Zatomic
1 -0.096300   3.39967   1.91652             0.920     1.450     0.590         6
2  0.129200   3.39967   1.91652             1.910     0.910    -0.420         6
3 -0.423600   3.00001   2.97813             1.520     1.320    -1.720         8
4  0.129200   3.39967   1.91652             2.420     0.850    -2.720         6
5 -0.096300   3.39967   1.91652             1.940     1.320    -4.070         6
6  0.044700   2.64953   0.27504             1.190     1.150     1.600         1
7  0.044700   2.64953   0.27504             0.870     2.540     0.540         1
8  0.044700   2.64953   0.27504            -0.090     1.080     0.370         1
9  0.022400   2.47135   0.27504             1.940    -0.180    -0.390         1
10  0.022400   2.47135   0.27504             2.910     1.300    -0.220         1
11  0.022400   2.47135   0.27504             3.410     1.240    -2.500         1
12  0.022400   2.47135   0.27504             2.440    -0.250    -2.670         1
13  0.044700   2.64953   0.27504             2.610     0.970    -4.860         1
14  0.044700   2.64953   0.27504             0.930     0.950    -4.280         1
15  0.044700   2.64953   0.27504             1.900     2.410    -4.110         1
