mobley_6055410	-27.688631	-39.3578	#systeme  DGsolv_calc  DGsolv_expt (kJ/mol)
26
#    charge    sigma(Ang)  epsilon(kJ/mol)  x         y         z        Zatomic
1 -0.041700   3.39967   1.50658             1.890    -1.040    -0.110         6
2 -0.234800   3.39967   1.50658             2.920    -1.630     0.610         6
3  0.189700   3.39967   1.50658             2.880    -1.650     2.000         6
4 -0.159400   3.39967   1.50658             1.800    -1.080     2.680         6
5 -0.019000   3.39967   1.50658             0.760    -0.480     1.960         6
6 -0.094100   3.39967   1.50658             0.810    -0.460     0.560         6
7 -0.085000   3.39967   1.50658            -0.270     0.150    -0.190         6
8 -0.072900   3.39967   1.50658            -1.010    -0.610    -1.090         6
9 -0.181500   3.39967   1.50658            -2.040    -0.020    -1.820         6
10  0.156200   3.39967   1.50658            -2.340     1.330    -1.640         6
11 -0.208200   3.39967   1.50658            -1.600     2.100    -0.730         6
12  0.164800   3.39967   1.50658            -0.560     1.500    -0.010         6
13 -0.127300   3.11815   1.06862             0.140     2.250     0.860        10
14 -0.132200   3.11815   1.06862            -3.330     1.900    -2.330        10
15  0.661201   3.39967   1.50658             1.740    -1.090     4.130         6
16 -0.528301   2.95992   3.67887             2.230    -1.960     4.860         8
17 -0.612601   3.06647   3.68587             1.070    -0.020     4.630         8
18 -0.466400   3.06647   3.68587             3.900    -2.240     2.690         8
19  0.145200   2.59964   0.26278             1.930    -1.030    -1.200         1
20  0.141100   2.59964   0.26278             3.760    -2.080     0.080         1
21  0.163500   2.59964   0.26278            -0.080    -0.040     2.480         1
22  0.147400   2.59964   0.26278            -0.790    -1.660    -1.250         1
23  0.155600   2.59964   0.26278            -2.620    -0.610    -2.520         1
24  0.167700   2.59964   0.26278            -1.830     3.150    -0.590         1
25  0.444600   0.00000   0.00000             1.020    -0.010     5.610         1
26  0.426400   0.00000   0.00000             4.560    -2.580     2.070         1
