mobley_5456566	3.18212	-12.47726	#systeme  DGsolv_calc  DGsolv_expt (kJ/mol)
22
#    charge    sigma(Ang)  epsilon(kJ/mol)  x         y         z        Zatomic
1 -0.029200   3.39967   1.50658             1.890    -1.040    -0.110         6
2  0.052975   3.39967   1.50658             2.920    -1.630     0.610         6
3  0.016000   3.39967   1.50658             2.880    -1.650     2.000         6
4  0.037500   3.39967   1.50658             1.800    -1.080     2.680         6
5  0.016000   3.39967   1.50658             0.760    -0.480     1.960         6
6  0.052975   3.39967   1.50658             0.810    -0.460     0.560         6
7 -0.032300   3.47094   4.64238            -0.480     0.280    -0.350        18
8 -0.027400   3.47094   4.64238            -0.580     0.230     2.800        18
9 -0.026900   3.47094   4.64238             1.750    -1.100     4.420        18
10 -0.027400   3.47094   4.64238             4.170    -2.390     2.900        18
11 -0.032300   3.47094   4.64238             4.260    -2.350    -0.250        18
12 -0.029100   3.39967   1.50658             1.930    -1.020    -1.570         6
13  0.052975   3.39967   1.50658             2.530     0.050    -2.230         6
14  0.016000   3.39967   1.50658             2.570     0.070    -3.630         6
15  0.037500   3.39967   1.50658             2.010    -0.980    -4.360         6
16  0.016000   3.39967   1.50658             1.410    -2.040    -3.690         6
17  0.052975   3.39967   1.50658             1.370    -2.060    -2.300         6
18 -0.032300   3.47094   4.64238             0.610    -3.390    -1.460        18
19 -0.027400   3.47094   4.64238             0.700    -3.350    -4.600        18
20 -0.026900   3.47094   4.64238             2.060    -0.950    -6.100        18
21 -0.027400   3.47094   4.64238             3.330     1.410    -4.460        18
22 -0.032300   3.47094   4.64238             3.230     1.360    -1.310        18
