mobley_1976156	-9.780832	-8.66709	#systeme  DGsolv_calc  DGsolv_expt (kJ/mol)
28
#    charge    sigma(Ang)  epsilon(kJ/mol)  x         y         z        Zatomic
1 -0.092200   3.39967   1.91652            -0.910     4.900     0.780         6
2 -0.079600   3.39967   1.91652            -1.460     3.480     0.850         6
3 -0.079200   3.39967   1.91652            -0.500     2.480     0.200         6
4 -0.077200   3.39967   1.91652            -1.010     1.030     0.250         6
5 -0.078000   3.39967   1.91652            -0.050     0.030    -0.400         6
6 -0.078500   3.39967   1.91652            -0.610    -1.390    -0.330         6
7 -0.073800   3.39967   1.91652             0.350    -2.390    -0.980         6
8 -0.200000   3.39967   1.91652            -0.170    -3.830    -0.920         6
9  0.563901   3.39967   1.50658             0.740    -4.840    -1.550         6
10 -0.523401   2.95992   3.67887             1.820    -4.590    -2.080         8
11  0.033100   2.64953   0.27504            -1.600     5.610     1.250         1
12  0.033100   2.64953   0.27504             0.050     4.960     1.300         1
13  0.033100   2.64953   0.27504            -0.760     5.200    -0.260         1
14  0.037700   2.64953   0.27504            -2.430     3.440     0.350         1
15  0.037700   2.64953   0.27504            -1.620     3.220     1.910         1
16  0.039400   2.64953   0.27504             0.480     2.540     0.680         1
17  0.039400   2.64953   0.27504            -0.360     2.760    -0.850         1
18  0.038400   2.64953   0.27504            -1.980     0.990    -0.270         1
19  0.038400   2.64953   0.27504            -1.190     0.750     1.290         1
20  0.041800   2.64953   0.27504             0.110     0.310    -1.450         1
21  0.041800   2.64953   0.27504             0.920     0.070     0.090         1
22  0.037100   2.64953   0.27504            -0.770    -1.660     0.720         1
23  0.037100   2.64953   0.27504            -1.580    -1.430    -0.830         1
24  0.054400   2.64953   0.27504             0.480    -2.120    -2.030         1
25  0.054400   2.64953   0.27504             1.340    -2.330    -0.510         1
26  0.065800   2.64953   0.27504            -0.350    -4.130     0.120         1
27  0.065800   2.64953   0.27504            -1.130    -3.890    -1.450         1
28 -0.010500   2.51055   0.26278             0.360    -5.880    -1.540         1
