mobley_63712	-14.516329	-16.24556	#systeme  DGsolv_calc  DGsolv_expt (kJ/mol)
20
#    charge    sigma(Ang)  epsilon(kJ/mol)  x         y         z        Zatomic
1  0.148500   3.39967   1.91652            -2.280     2.860     2.710         6
2 -0.712301   3.25000   2.97813            -1.050     2.510     2.000         7
3  0.159300   3.39967   1.91652            -0.510     1.240     2.490         6
4 -0.076600   3.39967   1.91652             0.810     0.880     1.790         6
5 -0.078000   3.39967   1.91652             0.640     0.850     0.280         6
6 -0.076600   3.39967   1.91652             0.000     2.140    -0.210         6
7  0.159300   3.39967   1.91652            -1.290     2.460     0.550         6
8  0.031400   2.47135   0.27504            -2.090     2.890     3.780         1
9  0.031400   2.47135   0.27504            -3.050     2.110     2.510         1
10  0.031400   2.47135   0.27504            -2.640     3.840     2.380         1
11  0.029700   2.47135   0.27504            -0.310     1.310     3.570         1
12  0.029700   2.47135   0.27504            -1.230     0.420     2.350         1
13  0.046500   2.64953   0.27504             1.570     1.620     2.060         1
14  0.046500   2.64953   0.27504             1.160    -0.090     2.150         1
15  0.038700   2.64953   0.27504             1.610     0.700    -0.200         1
16  0.038700   2.64953   0.27504             0.000    -0.000    -0.000         1
17  0.046500   2.64953   0.27504             0.710     2.970    -0.090         1
18  0.046500   2.64953   0.27504            -0.210     2.070    -1.290         1
19  0.029700   2.47135   0.27504            -1.660     3.430     0.200         1
20  0.029700   2.47135   0.27504            -2.050     1.710     0.300         1
