mobley_49274	2.675493	2.5122	#systeme  DGsolv_calc  DGsolv_expt (kJ/mol)
19
#    charge    sigma(Ang)  epsilon(kJ/mol)  x         y         z        Zatomic
1 -0.092100   3.39967   1.91652            -0.510    -0.790    -2.970         6
2 -0.079400   3.39967   1.91652            -0.470     0.170    -1.790         6
3 -0.079600   3.39967   1.91652             0.010    -0.520    -0.520         6
4 -0.076300   3.39967   1.91652             0.040     0.450     0.670         6
5 -0.003200   3.39967   1.91652             0.530    -0.240     1.940         6
6 -0.137400   3.39967   3.67887             0.560     0.690     3.070         6
7 -0.162200   3.39967   3.67887             0.590     1.450     4.000         6
8  0.033500   2.64953   0.27504            -0.860    -0.270    -3.870         1
9  0.033500   2.64953   0.27504            -1.190    -1.620    -2.770         1
10  0.033500   2.64953   0.27504             0.490    -1.190    -3.170         1
11  0.039400   2.64953   0.27504             0.190     1.010    -2.030         1
12  0.039400   2.64953   0.27504            -1.480     0.590    -1.630         1
13  0.039300   2.64953   0.27504             1.010    -0.930    -0.680         1
14  0.039300   2.64953   0.27504            -0.660    -1.360    -0.280         1
15  0.046500   2.64953   0.27504            -0.960     0.870     0.830         1
16  0.046500   2.64953   0.27504             0.710     1.290     0.430         1
17  0.058100   2.64953   0.27504             1.530    -0.660     1.780         1
18  0.058100   2.64953   0.27504            -0.140    -1.080     2.180         1
19  0.163100   2.59964   0.26278             0.610     2.130     4.830         1
