mobley_7814642	-0.489879	-4.68944	#systeme  DGsolv_calc  DGsolv_expt (kJ/mol)
12
#    charge    sigma(Ang)  epsilon(kJ/mol)  x         y         z        Zatomic
1 -0.117800   3.39967   1.50658             1.890    -1.040    -0.110         6
2 -0.109400   3.39967   1.50658             2.920    -1.630     0.610         6
3  0.015800   3.39967   1.50658             2.880    -1.650     2.000         6
4  0.025400   3.39967   1.50658             1.800    -1.080     2.680         6
5 -0.114200   3.39967   1.50658             0.760    -0.480     1.960         6
6  0.022800   3.39967   1.50658             0.810    -0.460     0.560         6
7 -0.077400   3.47094   4.64238            -0.470     0.270    -0.330        18
8 -0.062400   3.47094   4.64238             1.690    -1.070     4.400        18
9 -0.060900   3.47094   4.64238             4.190    -2.410     2.840        18
10  0.155600   2.59964   0.26278             1.930    -1.030    -1.200         1
11  0.156600   2.59964   0.26278             3.750    -2.070     0.070         1
12  0.165900   2.59964   0.26278            -0.080    -0.030     2.480         1
