mobley_7913234	-16.291617	-23.99151	#systeme  DGsolv_calc  DGsolv_expt (kJ/mol)
25
#    charge    sigma(Ang)  epsilon(kJ/mol)  x         y         z        Zatomic
1 -0.093300   3.39967   1.91652             0.390    -1.020    -0.090         6
2 -0.077500   3.39967   1.91652            -0.580    -2.020     0.520         6
3 -0.079900   3.39967   1.91652            -1.930    -1.990    -0.190         6
4  0.131100   3.39967   1.91652            -2.900    -3.000     0.410         6
5 -0.427700   3.00001   2.97813            -4.140    -2.920    -0.290         8
6  0.132100   3.39967   1.91652            -5.090    -3.830     0.230         6
7  0.139900   3.39967   1.91652            -6.390    -3.700    -0.560         6
8  0.045200   2.47135   0.27504            -6.590    -2.640    -0.780         1
9 -0.128500   3.39967   1.91652            -7.560    -4.330     0.180         6
10 -0.606401   3.06647   3.68587            -6.220    -4.370    -1.810         8
11  0.031500   2.64953   0.27504             1.360    -1.050     0.430         1
12  0.031500   2.64953   0.27504             0.560    -1.230    -1.150         1
13  0.031500   2.64953   0.27504            -0.010    -0.010     0.000         1
14  0.046700   2.64953   0.27504            -0.150    -3.030     0.450         1
15  0.046700   2.64953   0.27504            -0.710    -1.800     1.590         1
16  0.047100   2.64953   0.27504            -2.370    -0.990    -0.130         1
17  0.047100   2.64953   0.27504            -1.800    -2.210    -1.260         1
18  0.029600   2.47135   0.27504            -2.520    -4.020     0.330         1
19  0.029600   2.47135   0.27504            -3.090    -2.770     1.470         1
20  0.039900   2.47135   0.27504            -5.250    -3.600     1.290         1
21  0.039900   2.47135   0.27504            -4.680    -4.840     0.140         1
22  0.046600   2.64953   0.27504            -8.480    -4.220    -0.410         1
23  0.046600   2.64953   0.27504            -7.390    -5.390     0.360         1
24  0.046600   2.64953   0.27504            -7.740    -3.820     1.140         1
25  0.404100   0.00000   0.00000            -5.480    -3.930    -2.260         1
