mobley_8614858	12.246975	11.17929	#systeme  DGsolv_calc  DGsolv_expt (kJ/mol)
23
#    charge    sigma(Ang)  epsilon(kJ/mol)  x         y         z        Zatomic
1 -0.092700   3.39967   1.91652             1.400     1.060    -1.840         6
2 -0.079500   3.39967   1.91652             1.460    -0.400    -1.410         6
3 -0.078500   3.39967   1.91652             2.640    -0.720    -0.500         6
4 -0.079000   3.39967   1.91652             2.690    -2.190    -0.060         6
5 -0.078500   3.39967   1.91652             3.900    -2.460     0.850         6
6 -0.079500   3.39967   1.91652             3.950    -3.920     1.280         6
7 -0.092700   3.39967   1.91652             5.140    -4.190     2.180         6
8  0.032200   2.64953   0.27504             0.530     1.220    -2.490         1
9  0.032200   2.64953   0.27504             2.300     1.340    -2.400         1
10  0.032200   2.64953   0.27504             1.300     1.730    -0.980         1
11  0.038000   2.64953   0.27504             1.530    -1.030    -2.310         1
12  0.038000   2.64953   0.27504             0.520    -0.670    -0.910         1
13  0.039300   2.64953   0.27504             3.560    -0.470    -1.030         1
14  0.039300   2.64953   0.27504             2.610    -0.070     0.390         1
15  0.039000   2.64953   0.27504             1.770    -2.460     0.470         1
16  0.039000   2.64953   0.27504             2.760    -2.830    -0.950         1
17  0.039300   2.64953   0.27504             3.840    -1.810     1.730         1
18  0.039300   2.64953   0.27504             4.820    -2.190     0.320         1
19  0.038000   2.64953   0.27504             3.030    -4.190     1.810         1
20  0.038000   2.64953   0.27504             4.010    -4.570     0.400         1
21  0.032200   2.64953   0.27504             5.170    -5.240     2.490         1
22  0.032200   2.64953   0.27504             6.080    -3.950     1.680         1
23  0.032200   2.64953   0.27504             5.080    -3.580     3.090         1
