mobley_4850657	-26.038953	-20.39069	#systeme  DGsolv_calc  DGsolv_expt (kJ/mol)
8
#    charge    sigma(Ang)  epsilon(kJ/mol)  x         y         z        Zatomic
1 -0.385700   3.39967   1.91652             0.710    -0.580     0.590         6
2  1.352601   3.56359   4.37960             2.340    -0.050     0.200        16
3 -0.581101   2.95992   3.67887             3.000     0.390     1.410         8
4 -0.581101   2.95992   3.67887             2.280     0.790    -0.990         8
5 -0.222900   3.47094   4.64238             3.380    -1.710    -0.390        18
6  0.139400   2.47135   0.27504             0.220    -0.910    -0.320         1
7  0.139400   2.47135   0.27504             0.780    -1.400     1.310         1
8  0.139400   2.47135   0.27504             0.170     0.260     1.040         1
