mobley_7298388	-13.724986	-14.44515	#systeme  DGsolv_calc  DGsolv_expt (kJ/mol)
17
#    charge    sigma(Ang)  epsilon(kJ/mol)  x         y         z        Zatomic
1 -0.059100   3.39967   1.91652             1.930    -1.010    -1.600         6
2 -0.081900   3.39967   1.50658             1.890    -1.040    -0.110         6
3 -0.091700   3.39967   1.50658             2.920    -1.630     0.610         6
4 -0.134900   3.39967   1.50658             2.880    -1.650     2.000         6
5 -0.072900   3.39967   1.50658             1.800    -1.080     2.680         6
6 -0.170900   3.39967   1.50658             0.760    -0.480     1.960         6
7 -0.073000   3.39967   1.50658             0.810    -0.460     0.560         6
8  0.312500   3.25000   2.97813            -0.330     0.100     2.640         7
9 -0.209200   2.95992   3.67887            -1.250     0.630     1.980         8
10 -0.209200   2.95992   3.67887            -0.350     0.070     3.900         8
11  0.052600   2.64953   0.27504             2.440    -0.110    -1.950         1
12  0.052600   2.64953   0.27504             2.460    -1.890    -1.990         1
13  0.052600   2.64953   0.27504             0.920    -1.040    -2.030         1
14  0.143800   2.59964   0.26278             3.770    -2.080     0.090         1
15  0.147600   2.59964   0.26278             3.680    -2.120     2.560         1
16  0.170300   2.59964   0.26278             1.780    -1.100     3.760         1
17  0.170800   2.59964   0.26278             0.000     0.000    -0.010         1
