mobley_778352	9.512864	5.48497	#systeme  DGsolv_calc  DGsolv_expt (kJ/mol)
15
#    charge    sigma(Ang)  epsilon(kJ/mol)  x         y         z        Zatomic
1 -0.059900   3.39967   1.91652            -0.940    -0.410     0.390         6
2 -0.176800   3.39967   1.50658            -1.360     0.250     1.650         6
3 -0.115400   3.39967   1.50658            -2.450    -0.000     2.390         6
4 -0.060800   3.39967   1.91652            -2.730     0.760     3.650         6
5 -0.060800   3.39967   1.91652            -3.480    -1.050     2.040         6
6  0.039600   2.64953   0.27504            -1.350     0.100    -0.500         1
7  0.039600   2.64953   0.27504             0.150    -0.420     0.260         1
8  0.039600   2.64953   0.27504            -1.290    -1.450     0.320         1
9  0.114300   2.59964   0.26278            -0.680     1.020     1.990         1
10  0.040100   2.64953   0.27504            -3.330     1.650     3.430         1
11  0.040100   2.64953   0.27504            -3.290     0.140     4.360         1
12  0.040100   2.64953   0.27504            -1.810     1.090     4.150         1
13  0.040100   2.64953   0.27504            -3.210    -2.010     2.490         1
14  0.040100   2.64953   0.27504            -4.460    -0.750     2.410         1
15  0.040100   2.64953   0.27504            -3.570    -1.200     0.960         1
