mobley_1923244	10.835956	8.7927	#systeme  DGsolv_calc  DGsolv_expt (kJ/mol)
14
#    charge    sigma(Ang)  epsilon(kJ/mol)  x         y         z        Zatomic
1 -0.092200   3.39967   1.91652             0.410    -0.730     0.710         6
2 -0.080400   3.39967   1.91652             1.640    -0.180     1.410         6
3 -0.080400   3.39967   1.91652             1.320     1.090     2.200         6
4 -0.092200   3.39967   1.91652             2.550     1.640     2.900         6
5  0.032400   2.64953   0.27504             0.640    -1.640     0.150         1
6  0.032400   2.64953   0.27504            -0.380    -0.970     1.430         1
7  0.032400   2.64953   0.27504             0.010     0.010     0.000         1
8  0.037700   2.64953   0.27504             2.040    -0.950     2.090         1
9  0.037700   2.64953   0.27504             2.410     0.030     0.660         1
10  0.037700   2.64953   0.27504             0.920     1.850     1.520         1
11  0.037700   2.64953   0.27504             0.540     0.880     2.940         1
12  0.032400   2.64953   0.27504             2.310     2.550     3.460         1
13  0.032400   2.64953   0.27504             3.320     1.880     2.160         1
14  0.032400   2.64953   0.27504             2.960     0.900     3.600         1
