mobley_7200804	-14.009702	-22.14923	#systeme  DGsolv_calc  DGsolv_expt (kJ/mol)
13
#    charge    sigma(Ang)  epsilon(kJ/mol)  x         y         z        Zatomic
1 -0.107600   3.39967   1.50658             1.890    -1.040    -0.110         6
2 -0.143500   3.39967   1.50658             2.920    -1.630     0.610         6
3 -0.122300   3.39967   1.50658             2.880    -1.650     2.000         6
4  0.035300   3.39967   1.50658             1.800    -1.080     2.680         6
5  0.098000   3.39967   1.50658             0.760    -0.480     1.960         6
6 -0.138600   3.39967   1.50658             0.810    -0.460     0.560         6
7 -0.489400   3.06647   3.68587            -0.290     0.080     2.610         8
8 -0.147200   3.11815   1.06862             1.760    -1.100     4.010        10
9  0.140100   2.59964   0.26278             1.920    -1.020    -1.200         1
10  0.139300   2.59964   0.26278             3.760    -2.080     0.080         1
11  0.150100   2.59964   0.26278             3.690    -2.110     2.560         1
12  0.155300   2.59964   0.26278             0.000    -0.000    -0.010         1
13  0.430500   0.00000   0.00000            -0.180    -0.020     3.570         1
