mobley_547634	-12.364211	-11.63986	#systeme  DGsolv_calc  DGsolv_expt (kJ/mol)
24
#    charge    sigma(Ang)  epsilon(kJ/mol)  x         y         z        Zatomic
1 -0.054200   3.39967   1.91652            -1.890    -1.730     0.930         6
2 -0.069600   3.39967   1.50658            -0.500    -2.030     0.490         6
3 -0.120900   3.39967   1.50658            -0.050    -3.350     0.550         6
4 -0.035900   3.39967   1.50658             1.260    -3.680     0.140         6
5 -0.117100   3.39967   1.50658             1.720    -5.010     0.180         6
6 -0.129000   3.39967   1.50658             3.020    -5.320    -0.220         6
7 -0.129000   3.39967   1.50658             3.870    -4.310    -0.680         6
8 -0.117100   3.39967   1.50658             3.420    -2.990    -0.730         6
9 -0.035900   3.39967   1.50658             2.120    -2.660    -0.320         6
10 -0.120900   3.39967   1.50658             1.650    -1.340    -0.370         6
11 -0.069600   3.39967   1.50658             0.350    -1.030     0.040         6
12 -0.054100   3.39967   1.91652            -0.110     0.390    -0.020         6
13  0.044400   2.64953   0.27504            -2.580    -1.800     0.080         1
14  0.044400   2.64953   0.27504            -2.220    -2.420     1.710         1
15  0.044400   2.64953   0.27504            -1.950    -0.710     1.350         1
16  0.131450   2.59964   0.26278            -0.720    -4.130     0.900         1
17  0.131300   2.59964   0.26278             1.080    -5.810     0.540         1
18  0.130700   2.59964   0.26278             3.370    -6.340    -0.180         1
19  0.130700   2.59964   0.26278             4.880    -4.550    -0.990         1
20  0.131300   2.59964   0.26278             4.100    -2.220    -1.090         1
21  0.131450   2.59964   0.26278             2.300    -0.540    -0.720         1
22  0.044400   2.64953   0.27504            -0.560     0.600    -1.000         1
23  0.044400   2.64953   0.27504            -0.850     0.600     0.760         1
24  0.044400   2.64953   0.27504             0.730     1.090     0.130         1
