mobley_7463799	-24.163177	-28.97404	#systeme  DGsolv_calc  DGsolv_expt (kJ/mol)
22
#    charge    sigma(Ang)  epsilon(kJ/mol)  x         y         z        Zatomic
1 -0.131500   3.39967   1.50658             1.890    -1.040    -0.110         6
2 -0.128200   3.39967   1.50658             2.920    -1.630     0.610         6
3 -0.126200   3.39967   1.50658             2.880    -1.650     2.000         6
4 -0.078300   3.39967   1.50658             1.800    -1.080     2.680         6
5 -0.126200   3.39967   1.50658             0.760    -0.480     1.960         6
6 -0.128200   3.39967   1.50658             0.810    -0.460     0.560         6
7 -0.035100   3.39967   1.91652             1.750    -1.100     4.170         6
8 -0.081600   3.39967   1.91652             1.050    -2.360     4.700         6
9  0.131800   3.39967   1.91652             1.000    -2.380     6.230         6
10 -0.601201   3.06647   3.68587             0.340    -3.560     6.640         8
11  0.130300   2.59964   0.26278             1.920    -1.020    -1.200         1
12  0.130900   2.59964   0.26278             3.760    -2.080     0.080         1
13  0.130500   2.59964   0.26278             3.690    -2.120     2.560         1
14  0.130500   2.59964   0.26278            -0.080    -0.040     2.470         1
15  0.130900   2.59964   0.26278            -0.000    -0.000     0.000         1
16  0.046400   2.64953   0.27504             1.240    -0.210     4.550         1
17  0.046400   2.64953   0.27504             2.780    -1.050     4.590         1
18  0.060000   2.64953   0.27504             1.560    -3.260     4.340         1
19  0.060000   2.64953   0.27504             0.030    -2.420     4.310         1
20  0.020100   2.47135   0.27504             2.010    -2.380     6.650         1
21  0.020100   2.47135   0.27504             0.450    -1.520     6.610         1
22  0.398600   0.00000   0.00000             0.330    -3.550     7.620         1
