mobley_3318135	-9.898068	-11.05368	#systeme  DGsolv_calc  DGsolv_expt (kJ/mol)
28
#    charge    sigma(Ang)  epsilon(kJ/mol)  x         y         z        Zatomic
1 -0.091700   3.39967   1.91652            -1.620     1.560     4.250         6
2 -0.079200   3.39967   1.91652            -1.790     1.620     2.740         6
3 -0.075800   3.39967   1.91652            -0.940     0.560     2.040         6
4 -0.181500   3.39967   1.91652            -1.110     0.620     0.520         6
5  0.563701   3.39967   1.50658            -0.280    -0.430    -0.200         6
6 -0.527901   2.95992   3.67887             0.440    -1.230     0.400         8
7 -0.181500   3.39967   1.91652            -0.430    -0.450    -1.720         6
8 -0.075800   3.39967   1.91652             0.410    -1.520    -2.410         6
9 -0.079200   3.39967   1.91652             0.240    -1.510    -3.930         6
10 -0.091700   3.39967   1.91652             1.090    -2.580    -4.590         6
11  0.034700   2.64953   0.27504            -2.230     2.330     4.730         1
12  0.034700   2.64953   0.27504            -0.580     1.730     4.530         1
13  0.034700   2.64953   0.27504            -1.930     0.590     4.640         1
14  0.035700   2.64953   0.27504            -1.500     2.620     2.380         1
15  0.035700   2.64953   0.27504            -2.850     1.480     2.490         1
16  0.054300   2.64953   0.27504             0.120     0.690     2.300         1
17  0.054300   2.64953   0.27504            -1.230    -0.440     2.400         1
18  0.063100   2.64953   0.27504            -0.810     1.600     0.150         1
19  0.063100   2.64953   0.27504            -2.160     0.460     0.260         1
20  0.063100   2.64953   0.27504            -0.180     0.540    -2.110         1
21  0.063100   2.64953   0.27504            -1.490    -0.640    -1.930         1
22  0.054300   2.64953   0.27504             0.110    -2.500    -2.030         1
23  0.054300   2.64953   0.27504             1.470    -1.390    -2.150         1
24  0.035700   2.64953   0.27504            -0.820    -1.680    -4.180         1
25  0.035700   2.64953   0.27504             0.510    -0.530    -4.340         1
26  0.034700   2.64953   0.27504             0.950    -2.550    -5.680         1
27  0.034700   2.64953   0.27504             2.150    -2.420    -4.380         1
28  0.034700   2.64953   0.27504             0.820    -3.570    -4.240         1
