mobley_4759887	0.954636	1.13049	#systeme  DGsolv_calc  DGsolv_expt (kJ/mol)
23
#    charge    sigma(Ang)  epsilon(kJ/mol)  x         y         z        Zatomic
1 -0.092200   3.39967   1.91652            -2.080    -3.500     0.160         6
2 -0.080100   3.39967   1.91652            -0.870    -2.610     0.340         6
3 -0.078700   3.39967   1.91652            -1.060    -1.190    -0.210         6
4 -0.078800   3.39967   1.91652             0.170    -0.300    -0.030         6
5 -0.079900   3.39967   1.91652            -0.080     1.100    -0.600         6
6 -0.076600   3.39967   1.91652             1.150     2.000    -0.430         6
7  0.068800   3.39967   1.91652             0.900     3.400    -1.000         6
8 -0.254100   3.83086   8.75920             2.620     4.640    -0.740        63
9  0.033200   2.64953   0.27504            -1.910    -4.500     0.570         1
10  0.033200   2.64953   0.27504            -2.960    -3.070     0.660         1
11  0.033200   2.64953   0.27504            -2.310    -3.610    -0.900         1
12  0.038600   2.64953   0.27504            -0.020    -3.070    -0.180         1
13  0.038600   2.64953   0.27504            -0.600    -2.560     1.400         1
14  0.039500   2.64953   0.27504            -1.930    -0.730     0.260         1
15  0.039500   2.64953   0.27504            -1.290    -1.270    -1.280         1
16  0.041100   2.64953   0.27504             1.030    -0.750    -0.540         1
17  0.041100   2.64953   0.27504             0.420    -0.210     1.030         1
18  0.041500   2.64953   0.27504            -0.940     1.560    -0.100         1
19  0.041500   2.64953   0.27504            -0.320     1.030    -1.670         1
20  0.053600   2.64953   0.27504             2.010     1.540    -0.920         1
21  0.053600   2.64953   0.27504             1.400     2.070     0.640         1
22  0.071700   2.47135   0.27504             0.040     3.860    -0.500         1
23  0.071700   2.47135   0.27504             0.660     3.330    -2.060         1
