mobley_5692472	-12.523317	-17.96223	#systeme  DGsolv_calc  DGsolv_expt (kJ/mol)
10
#    charge    sigma(Ang)  epsilon(kJ/mol)  x         y         z        Zatomic
1  0.147500   3.39967   1.91652             1.030     0.140     0.350         6
2 -0.822501   3.25000   2.97813             1.030     0.280     1.800         7
3  0.147500   3.39967   1.91652             2.390     0.460     2.300         6
4  0.028400   2.47135   0.27504             0.010     0.000    -0.010         1
5  0.028400   2.47135   0.27504             1.620    -0.740     0.060         1
6  0.028400   2.47135   0.27504             1.460     1.020    -0.120         1
7  0.357100   1.06908   0.27504             0.620    -0.550     2.220         1
8  0.028400   2.47135   0.27504             2.350     0.570     3.380         1
9  0.028400   2.47135   0.27504             2.820     1.350     1.860         1
10  0.028400   2.47135   0.27504             2.980    -0.410     2.040         1
