mobley_2784376	10.404695	3.14025	#systeme  DGsolv_calc  DGsolv_expt (kJ/mol)
9
#    charge    sigma(Ang)  epsilon(kJ/mol)  x         y         z        Zatomic
1 -0.136600   3.39967   1.50658             0.590    -0.710     0.560         6
2 -0.136600   3.39967   1.50658             2.080    -0.490     0.620         6
3 -0.136600   3.39967   1.50658             1.520    -1.610    -0.220         6
4  0.068300   2.64953   0.27504             0.000     0.000    -0.000         1
5  0.068300   2.64953   0.27504             0.110    -1.120     1.430         1
6  0.068300   2.64953   0.27504             2.480     0.370     0.100         1
7  0.068300   2.64953   0.27504             2.590    -0.750     1.530         1
8  0.068300   2.64953   0.27504             1.540    -1.500    -1.290         1
9  0.068300   2.64953   0.27504             1.650    -2.620     0.140         1
