mobley_2913224	-39.353613	-41.61878	#systeme  DGsolv_calc  DGsolv_expt (kJ/mol)
21
#    charge    sigma(Ang)  epsilon(kJ/mol)  x         y         z        Zatomic
1 -0.187500   3.39967   1.91652             1.470    -2.040    -3.540         6
2  0.639801   3.39967   1.50658             1.350    -2.140    -2.050         6
3 -0.445800   2.95992   3.67887             0.810    -3.080    -1.460         8
4 -0.351200   3.00001   2.97813             1.950    -1.030    -1.470         8
5  0.173400   3.39967   1.50658             1.890    -1.040    -0.110         6
6 -0.204000   3.39967   1.50658             2.920    -1.630     0.610         6
7 -0.072300   3.39967   1.50658             2.880    -1.650     2.000         6
8 -0.163400   3.39967   1.50658             1.800    -1.080     2.680         6
9 -0.053700   3.39967   1.50658             0.760    -0.480     1.960         6
10 -0.144300   3.39967   1.50658             0.810    -0.460     0.560         6
11  0.652601   3.39967   1.50658            -0.280     0.160    -0.170         6
12 -0.520001   2.95992   3.67887            -0.180     0.720    -1.270         8
13 -0.618101   3.06647   3.68587            -1.470     0.080     0.490         8
14  0.081900   2.64953   0.27504             0.600    -1.520    -3.940         1
15  0.081900   2.64953   0.27504             1.500    -3.040    -3.970         1
16  0.081900   2.64953   0.27504             2.390    -1.510    -3.800         1
17  0.153500   2.59964   0.26278             3.760    -2.080     0.090         1
18  0.143100   2.59964   0.26278             3.690    -2.120     2.560         1
19  0.144900   2.59964   0.26278             1.770    -1.100     3.760         1
20  0.160600   2.59964   0.26278            -0.070    -0.040     2.490         1
21  0.446700   0.00000   0.00000            -2.210     0.490     0.000         1
