mobley_4218209	-29.375992	-31.31876	#systeme  DGsolv_calc  DGsolv_expt (kJ/mol)
18
#    charge    sigma(Ang)  epsilon(kJ/mol)  x         y         z        Zatomic
1  0.112200   3.39967   1.91652             0.840    -0.390    -2.140         6
2 -0.325500   3.00001   2.97813             1.930    -1.020    -1.470         8
3  0.080800   3.39967   1.50658             1.890    -1.040    -0.110         6
4 -0.142500   3.39967   1.50658             2.920    -1.630     0.610         6
5 -0.155700   3.39967   1.50658             2.880    -1.650     2.000         6
6  0.098800   3.39967   1.50658             1.800    -1.080     2.680         6
7 -0.155700   3.39967   1.50658             0.760    -0.480     1.960         6
8 -0.142500   3.39967   1.50658             0.810    -0.460     0.560         6
9 -0.809101   3.25000   2.97813             1.760    -1.100     4.090         7
10  0.042200   2.47135   0.27504             0.990    -0.440    -3.220         1
11  0.042200   2.47135   0.27504             0.760     0.650    -1.820         1
12  0.042200   2.47135   0.27504            -0.090    -0.920    -1.880         1
13  0.141800   2.59964   0.26278             3.760    -2.080     0.090         1
14  0.133300   2.59964   0.26278             3.690    -2.120     2.550         1
15  0.133300   2.59964   0.26278            -0.080    -0.040     2.470         1
16  0.141800   2.59964   0.26278            -0.000     0.000     0.010         1
17  0.381200   1.06908   0.27504             1.000    -0.640     4.560         1
18  0.381200   1.06908   0.27504             2.530    -1.490     4.590         1
