mobley_628086	-14.729866	-17.41792	#systeme  DGsolv_calc  DGsolv_expt (kJ/mol)
12
#    charge    sigma(Ang)  epsilon(kJ/mol)  x         y         z        Zatomic
1 -0.141200   3.39967   1.91652            -0.780     0.590     0.840         6
2  0.111000   3.39967   1.91652            -0.240    -0.180    -0.360         6
3  0.071900   2.47135   0.27504            -0.930    -0.990    -0.620         1
4  0.634601   3.39967   1.91652            -0.030     0.720    -1.570         6
5 -0.232700   3.11815   1.06862             0.850     1.710    -1.290        10
6 -0.232700   3.11815   1.06862             0.460     0.020    -2.610        10
7 -0.232700   3.11815   1.06862            -1.190     1.300    -1.960        10
8 -0.584401   3.06647   3.68587             1.020    -0.760    -0.020         8
9  0.062500   2.64953   0.27504            -0.100     1.410     1.110         1
10  0.062500   2.64953   0.27504            -0.910    -0.060     1.700         1
11  0.062500   2.64953   0.27504            -1.740     1.050     0.590         1
12  0.418700   0.00000   0.00000             0.850    -1.350     0.730         1
