mobley_8337977	-13.046692	-12.77035	#systeme  DGsolv_calc  DGsolv_expt (kJ/mol)
19
#    charge    sigma(Ang)  epsilon(kJ/mol)  x         y         z        Zatomic
1 -0.093200   3.39967   1.91652             4.750    -1.800     0.250         6
2 -0.058200   3.39967   1.91652             4.340    -0.980     1.480         6
3 -0.093200   3.39967   1.91652             5.120    -1.470     2.710         6
4 -0.183300   3.39967   1.91652             2.830    -1.070     1.740         6
5  0.567301   3.39967   1.50658             1.980    -0.560     0.590         6
6 -0.534301   2.95992   3.67887             1.160    -1.270     0.000         8
7 -0.202000   3.39967   1.91652             2.210     0.860     0.170         6
8  0.037900   2.64953   0.27504             4.200    -1.470    -0.640         1
9  0.037900   2.64953   0.27504             5.820    -1.710     0.040         1
10  0.037900   2.64953   0.27504             4.530    -2.870     0.390         1
11  0.045800   2.64953   0.27504             4.620     0.070     1.300         1
12  0.037900   2.64953   0.27504             4.840    -0.890     3.590         1
13  0.037900   2.64953   0.27504             6.200    -1.370     2.560         1
14  0.037900   2.64953   0.27504             4.900    -2.520     2.910         1
15  0.067200   2.64953   0.27504             2.570    -0.460     2.620         1
16  0.067200   2.64953   0.27504             2.550    -2.110     1.950         1
17  0.063100   2.64953   0.27504             2.980     0.900    -0.600         1
18  0.063100   2.64953   0.27504             1.290     1.290    -0.230         1
19  0.063100   2.64953   0.27504             2.520     1.460     1.040         1
