mobley_7009711	-22.794028	-26.25249	#systeme  DGsolv_calc  DGsolv_expt (kJ/mol)
19
#    charge    sigma(Ang)  epsilon(kJ/mol)  x         y         z        Zatomic
1 -0.056300   3.39967   1.91652             1.930    -1.010    -1.600         6
2 -0.037700   3.39967   1.50658             1.890    -1.040    -0.110         6
3 -0.167000   3.39967   1.50658             2.920    -1.630     0.610         6
4 -0.037700   3.39967   1.50658             2.880    -1.650     2.000         6
5 -0.191800   3.39967   1.50658             1.800    -1.080     2.680         6
6  0.130500   3.39967   1.50658             0.760    -0.480     1.960         6
7 -0.191800   3.39967   1.50658             0.810    -0.460     0.560         6
8 -0.500801   3.06647   3.68587            -0.290     0.080     2.610         8
9 -0.056300   3.39967   1.91652             3.990    -2.290     2.770         6
10  0.046000   2.64953   0.27504             2.440    -0.110    -1.950         1
11  0.046000   2.64953   0.27504             2.460    -1.890    -1.990         1
12  0.046000   2.64953   0.27504             0.920    -1.030    -2.030         1
13  0.133100   2.59964   0.26278             3.760    -2.080     0.080         1
14  0.140700   2.59964   0.26278             1.760    -1.090     3.760         1
15  0.140700   2.59964   0.26278            -0.000     0.000     0.000         1
16  0.418400   0.00000   0.00000            -0.920     0.450     1.980         1
17  0.046000   2.64953   0.27504             4.770    -1.550     3.000         1
18  0.046000   2.64953   0.27504             3.620    -2.710     3.720         1
19  0.046000   2.64953   0.27504             4.440    -3.110     2.210         1
