mobley_1036761	-16.551211	-19.21833	#systeme  DGsolv_calc  DGsolv_expt (kJ/mol)
20
#    charge    sigma(Ang)  epsilon(kJ/mol)  x         y         z        Zatomic
1 -0.078400   3.39967   1.91652             0.560     0.540    -0.770         6
2 -0.074000   3.39967   1.91652             0.350    -0.120    -2.130         6
3 -0.093400   3.39967   1.91652             1.040     0.660    -3.240         6
4  0.165500   3.39967   1.91652             0.600     2.130    -3.260         6
5 -0.093400   3.39967   1.91652             0.820     2.790    -1.890         6
6 -0.074000   3.39967   1.91652             0.130     2.010    -0.780         6
7 -0.906801   3.25000   2.97813             1.330     2.860    -4.290         7
8  0.039200   2.64953   0.27504             1.620     0.480    -0.490         1
9  0.039200   2.64953   0.27504            -0.000    -0.000    -0.000         1
10  0.040500   2.64953   0.27504             0.730    -1.140    -2.100         1
11  0.040500   2.64953   0.27504            -0.720    -0.180    -2.340         1
12  0.041500   2.64953   0.27504             2.130     0.600    -3.110         1
13  0.041500   2.64953   0.27504             0.810     0.190    -4.210         1
14  0.056900   2.47135   0.27504            -0.470     2.180    -3.500         1
15  0.041500   2.64953   0.27504             1.900     2.850    -1.680         1
16  0.041500   2.64953   0.27504             0.440     3.820    -1.900         1
17  0.040500   2.64953   0.27504             0.360     2.470     0.190         1
18  0.040500   2.64953   0.27504            -0.950     2.070    -0.910         1
19  0.345600   1.06908   0.27504             0.990     2.810    -5.230         1
20  0.345600   1.06908   0.27504             2.240     3.200    -4.070         1
