mobley_3775790	-9.939938	-12.10043	#systeme  DGsolv_calc  DGsolv_expt (kJ/mol)
13
#    charge    sigma(Ang)  epsilon(kJ/mol)  x         y         z        Zatomic
1  0.023600   3.39967   1.91652            -0.230    -0.530     4.580         6
2 -0.068900   3.25000   2.97813             0.230    -0.210     3.250         7
3 -0.164800   3.39967   1.50658            -0.490    -0.400     2.100         6
4 -0.196500   3.39967   1.50658             0.290     0.020     1.040         6
5 -0.196500   3.39967   1.50658             1.520     0.470     1.580         6
6 -0.164800   3.39967   1.50658             1.460     0.320     2.940         6
7  0.048100   2.47135   0.27504            -0.730     0.360     4.980         1
8  0.048100   2.47135   0.27504            -0.930    -1.370     4.540         1
9  0.048100   2.47135   0.27504             0.620    -0.800     5.210         1
10  0.162200   2.51055   0.26278            -1.490    -0.810     2.130         1
11  0.149600   2.59964   0.26278             0.000     0.000     0.000         1
12  0.149600   2.59964   0.26278             2.360     0.870     1.030         1
13  0.162200   2.51055   0.26278             2.180     0.540     3.720         1
