mobley_4687447	-16.49678	-26.7968	#systeme  DGsolv_calc  DGsolv_expt (kJ/mol)
19
#    charge    sigma(Ang)  epsilon(kJ/mol)  x         y         z        Zatomic
1 -0.092400   3.39967   1.91652            -0.000    -0.670     0.870         6
2 -0.081600   3.39967   1.91652             1.240    -0.440     1.710         6
3  0.128700   3.39967   1.91652             1.280    -1.350     2.930         6
4 -0.418400   3.00001   2.97813             2.460    -1.090     3.660         8
5  0.090500   3.39967   1.91652             2.550    -1.910     4.820         6
6  0.125000   3.39967   1.91652             3.830    -1.590     5.560         6
7 -0.593401   3.06647   3.68587             4.940    -1.840     4.700         8
8  0.037700   2.64953   0.27504            -0.010    -0.010    -0.010         1
9  0.037700   2.64953   0.27504            -0.040    -1.700     0.520         1
10  0.037700   2.64953   0.27504            -0.910    -0.470     1.450         1
11  0.048600   2.64953   0.27504             1.300     0.600     2.020         1
12  0.048600   2.64953   0.27504             2.140    -0.620     1.100         1
13  0.028000   2.47135   0.27504             0.420    -1.160     3.580         1
14  0.028000   2.47135   0.27504             1.270    -2.400     2.630         1
15  0.030200   2.47135   0.27504             1.670    -1.710     5.450         1
16  0.030200   2.47135   0.27504             2.540    -2.960     4.500         1
17  0.059300   2.47135   0.27504             3.940    -2.210     6.450         1
18  0.059300   2.47135   0.27504             3.860    -0.530     5.850         1
19  0.396300   0.00000   0.00000             5.740    -1.630     5.210         1
