mobley_4936555	-32.093355	-28.38786	#systeme  DGsolv_calc  DGsolv_expt (kJ/mol)
33
#    charge    sigma(Ang)  epsilon(kJ/mol)  x         y         z        Zatomic
1 -0.057100   3.39967   1.91652             1.960    -1.030    -1.600         6
2 -0.065100   3.39967   1.50658             1.890    -1.040    -0.110         6
3 -0.131500   3.39967   1.50658             2.920    -1.630     0.610         6
4 -0.120700   3.39967   1.50658             2.880    -1.650     2.000         6
5 -0.141800   3.39967   1.50658             1.800    -1.080     2.680         6
6  0.136300   3.39967   1.50658             0.760    -0.480     1.960         6
7 -0.080400   3.39967   1.50658             0.810    -0.460     0.560         6
8 -0.060700   3.39967   1.91652            -0.300     0.170    -0.220         6
9 -0.668301   3.25000   2.97813            -0.320     0.090     2.660         7
10  0.260600   3.39967   1.50658            -0.920    -0.210     3.890         6
11 -0.215100   3.39967   1.50658            -0.910    -1.530     4.350         6
12 -0.056700   3.39967   1.50658            -1.500    -1.850     5.570         6
13 -0.199700   3.39967   1.50658            -2.100    -0.850     6.340         6
14 -0.030200   3.39967   1.50658            -2.110     0.470     5.880         6
15 -0.222500   3.39967   1.50658            -1.520     0.790     4.660         6
16  0.659601   3.39967   1.50658            -1.550     2.170     4.210         6
17 -0.571301   2.95992   3.67887            -0.700     2.710     3.500         8
18 -0.600901   3.06647   3.68587            -2.650     2.840     4.660         8
19  0.046200   2.64953   0.27504             2.470    -0.120    -1.950         1
20  0.046200   2.64953   0.27504             2.500    -1.900    -1.980         1
21  0.046200   2.64953   0.27504             0.950    -1.050    -2.040         1
22  0.134400   2.59964   0.26278             3.770    -2.080     0.090         1
23  0.135100   2.59964   0.26278             3.690    -2.120     2.560         1
24  0.139700   2.59964   0.26278             1.780    -1.100     3.760         1
25  0.050400   2.64953   0.27504            -0.090     1.230    -0.380         1
26  0.050400   2.64953   0.27504            -0.430    -0.320    -1.190         1
27  0.050400   2.64953   0.27504            -1.260     0.090     0.320         1
28  0.460600   1.06908   0.27504            -0.750     0.870     2.170         1
29  0.147300   2.59964   0.26278            -0.440    -2.320     3.760         1
30  0.133100   2.59964   0.26278            -1.490    -2.880     5.930         1
31  0.139400   2.59964   0.26278            -2.560    -1.100     7.290         1
32  0.144700   2.59964   0.26278            -2.590     1.240     6.490         1
33  0.441400   0.00000   0.00000            -2.680     3.770     4.360         1
