mobley_852937	-20.746585	-25.91753	#systeme  DGsolv_calc  DGsolv_expt (kJ/mol)
13
#    charge    sigma(Ang)  epsilon(kJ/mol)  x         y         z        Zatomic
1 -0.161800   3.39967   1.50658             1.890    -1.040    -0.110         6
2 -0.128500   3.39967   1.50658             2.920    -1.630     0.610         6
3  0.088400   3.39967   1.50658             2.880    -1.650     2.000         6
4 -0.128500   3.39967   1.50658             1.800    -1.080     2.680         6
5 -0.161800   3.39967   1.50658             0.760    -0.480     1.960         6
6  0.111000   3.39967   1.50658             0.810    -0.460     0.560         6
7 -0.494400   3.06647   3.68587            -0.210     0.120    -0.140         8
8 -0.141500   3.11815   1.06862             3.870    -2.220     2.690        10
9  0.147700   2.59964   0.26278             1.920    -1.020    -1.200         1
10  0.150400   2.59964   0.26278             3.760    -2.080     0.080         1
11  0.150400   2.59964   0.26278             1.770    -1.100     3.760         1
12  0.147700   2.59964   0.26278            -0.070    -0.040     2.480         1
13  0.420900   0.00000   0.00000            -0.030     0.050    -1.090         1
