mobley_4620651	-15.089948	-17.1667	#systeme  DGsolv_calc  DGsolv_expt (kJ/mol)
15
#    charge    sigma(Ang)  epsilon(kJ/mol)  x         y         z        Zatomic
1  0.125400   3.39967   1.91652            -3.630     0.680     2.260         6
2 -0.437600   3.00001   2.97813            -2.680     0.550     1.200         8
3  0.657401   3.39967   1.50658            -1.870    -0.550     1.260         6
4 -0.536501   2.95992   3.67887            -1.890    -1.420     2.120         8
5 -0.190100   3.39967   1.50658            -0.940    -0.560     0.090         6
6 -0.107800   3.39967   1.50658             0.330     0.220     0.200         6
7 -0.107800   3.39967   1.50658             0.360    -1.280     0.220         6
8  0.049800   2.47135   0.27504            -4.220     1.590     2.120         1
9  0.049800   2.47135   0.27504            -3.100     0.720     3.220         1
10  0.049800   2.47135   0.27504            -4.290    -0.190     2.250         1
11  0.114400   2.64953   0.27504            -1.450    -0.580    -0.860         1
12  0.083300   2.64953   0.27504             0.740     0.710    -0.680         1
13  0.083300   2.64953   0.27504             0.510     0.740     1.130         1
14  0.083300   2.64953   0.27504             0.780    -1.790    -0.640         1
15  0.083300   2.64953   0.27504             0.550    -1.770     1.170         1
