mobley_7176290	-33.031243	-40.27894	#systeme  DGsolv_calc  DGsolv_expt (kJ/mol)
15
#    charge    sigma(Ang)  epsilon(kJ/mol)  x         y         z        Zatomic
1 -0.100400   3.39967   1.50658             1.890    -1.040    -0.110         6
2 -0.106100   3.39967   1.50658             2.920    -1.630     0.610         6
3 -0.140300   3.39967   1.50658             2.880    -1.650     2.000         6
4 -0.097600   3.39967   1.50658             1.800    -1.080     2.680         6
5  0.119000   3.39967   1.50658             0.760    -0.480     1.960         6
6 -0.175400   3.39967   1.50658             0.810    -0.460     0.560         6
7 -0.486000   3.06647   3.68587            -0.290     0.070     2.610         8
8  0.310900   3.25000   2.97813             3.930    -2.260     2.740         7
9 -0.203700   2.95992   3.67887             3.880    -2.270     3.990         8
10 -0.203700   2.95992   3.67887             4.890    -2.770     2.110         8
11  0.149500   2.59964   0.26278             1.920    -1.020    -1.200         1
12  0.174300   2.59964   0.26278             3.760    -2.070     0.070         1
13  0.187800   2.59964   0.26278             1.760    -1.090     3.760         1
14  0.145400   2.59964   0.26278             0.000    -0.000    -0.010         1
15  0.426300   0.00000   0.00000            -0.920     0.450     1.980         1
