mobley_7463408	-39.395483	-32.57486	#systeme  DGsolv_calc  DGsolv_expt (kJ/mol)
22
#    charge    sigma(Ang)  epsilon(kJ/mol)  x         y         z        Zatomic
1 -0.086400   3.39967   1.91652            -0.620    -0.890    -0.160         6
2 -0.157500   3.39967   1.91652            -1.030    -0.990    -1.620         6
3  0.672301   3.39967   1.50658            -1.900    -2.210    -1.900         6
4 -0.575601   2.95992   3.67887            -2.200    -3.010    -1.020         8
5 -0.477900   3.25000   2.97813            -2.250    -2.250    -3.250         7
6  0.085700   3.39967   1.50658            -3.040    -3.230    -3.900         6
7 -0.153600   3.39967   1.50658            -3.560    -4.300    -3.180         6
8 -0.089500   3.39967   1.50658            -4.340    -5.260    -3.820         6
9 -0.014600   3.39967   1.50658            -4.600    -5.150    -5.180         6
10  0.049000   3.39967   1.50658            -4.080    -4.080    -5.910         6
11 -0.183600   3.39967   1.50658            -3.300    -3.120    -5.270         6
12 -0.072700   3.47094   4.64238            -4.370    -3.880    -7.600        18
13 -0.071300   3.47094   4.64238            -5.580    -6.370    -5.920        18
14  0.048900   2.64953   0.27504             0.000    -0.000     0.010         1
15  0.048900   2.64953   0.27504            -0.040    -1.770     0.130         1
16  0.048900   2.64953   0.27504            -1.490    -0.830     0.500         1
17  0.063500   2.64953   0.27504            -0.140    -1.030    -2.250         1
18  0.063500   2.64953   0.27504            -1.600    -0.090    -1.900         1
19  0.318200   1.06908   0.27504            -1.900    -1.490    -3.830         1
20  0.182700   2.59964   0.26278            -3.370    -4.400    -2.110         1
21  0.154200   2.59964   0.26278            -4.740    -6.090    -3.240         1
22  0.146900   2.59964   0.26278            -2.890    -2.280    -5.830         1
