mobley_929676	4.505212	0.75366	#systeme  DGsolv_calc  DGsolv_expt (kJ/mol)
20
#    charge    sigma(Ang)  epsilon(kJ/mol)  x         y         z        Zatomic
1 -0.091800   3.39967   1.91652             0.160     1.490    -2.820         6
2 -0.079600   3.39967   1.91652            -0.540     1.090    -1.530         6
3 -0.079500   3.39967   1.91652             0.350     0.180    -0.680         6
4 -0.078400   3.39967   1.91652            -0.350    -0.210     0.630         6
5 -0.081600   3.39967   1.91652             0.540    -1.120     1.480         6
6 -0.007100   3.39967   1.91652            -0.120    -1.540     2.790         6
7 -0.181200   3.59923   7.35773             1.050    -2.690     3.830        40
8  0.034000   2.64953   0.27504            -0.480     2.140    -3.430         1
9  0.034000   2.64953   0.27504             0.390     0.600    -3.410         1
10  0.034000   2.64953   0.27504             1.090     2.020    -2.620         1
11  0.038400   2.64953   0.27504            -0.790     2.000    -0.970         1
12  0.038400   2.64953   0.27504            -1.480     0.580    -1.760         1
13  0.041000   2.64953   0.27504             1.290     0.700    -0.450         1
14  0.041000   2.64953   0.27504             0.600    -0.720    -1.240         1
15  0.041500   2.64953   0.27504            -1.290    -0.730     0.400         1
16  0.041500   2.64953   0.27504            -0.610     0.700     1.180         1
17  0.055700   2.64953   0.27504             1.500    -0.630     1.670         1
18  0.055700   2.64953   0.27504             0.760    -2.030     0.910         1
19  0.072000   2.47135   0.27504            -0.380    -0.680     3.420         1
20  0.072000   2.47135   0.27504            -1.020    -2.130     2.600         1
