mobley_2850833	-36.883283	-19.59516	#systeme  DGsolv_calc  DGsolv_expt (kJ/mol)
15
#    charge    sigma(Ang)  epsilon(kJ/mol)  x         y         z        Zatomic
1 -0.180500   3.39967   1.50658             1.890    -1.040    -0.110         6
2 -0.060600   3.39967   1.50658             2.920    -1.630     0.610         6
3 -0.232000   3.39967   1.50658             2.880    -1.650     2.000         6
4  0.170100   3.39967   1.50658             1.800    -1.080     2.680         6
5 -0.224800   3.39967   1.50658             0.760    -0.480     1.960         6
6 -0.040600   3.39967   1.50658             0.810    -0.460     0.560         6
7  0.585601   3.39967   1.50658            -0.370     0.120     2.640         6
8 -0.539001   2.95992   3.67887            -1.310     0.660     2.040         8
9 -0.499200   3.06647   3.68587             1.780    -1.110     4.040         8
10  0.141300   2.59964   0.26278             1.920    -1.020    -1.200         1
11  0.136500   2.59964   0.26278             3.760    -2.080     0.080         1
12  0.138300   2.59964   0.26278             3.690    -2.120     2.560         1
13  0.158800   2.59964   0.26278             0.010    -0.000    -0.010         1
14  0.018400   2.51055   0.26278            -0.370     0.090     3.750         1
15  0.427700   0.00000   0.00000             2.570    -1.560     4.380         1
