mobley_4561957	10.333516	9.79758	#systeme  DGsolv_calc  DGsolv_expt (kJ/mol)
20
#    charge    sigma(Ang)  epsilon(kJ/mol)  x         y         z        Zatomic
1 -0.089350   3.39967   1.91652             0.510    -0.800     0.550         6
2 -0.061900   3.39967   1.91652             1.250    -0.210     1.760         6
3 -0.089350   3.39967   1.91652             0.250     0.530     2.660         6
4 -0.061900   3.39967   1.91652             2.070    -1.260     2.570         6
5 -0.089350   3.39967   1.91652             1.230    -2.400     3.140         6
6 -0.089350   3.39967   1.91652             3.220    -1.830     1.740         6
7  0.033200   2.64953   0.27504             1.190    -1.340    -0.110         1
8  0.033200   2.64953   0.27504            -0.260    -1.500     0.880         1
9  0.033200   2.64953   0.27504             0.010    -0.010    -0.030         1
10  0.041400   2.64953   0.27504             1.950     0.540     1.390         1
11  0.033200   2.64953   0.27504             0.760     0.950     3.530         1
12  0.033200   2.64953   0.27504            -0.240     1.360     2.130         1
13  0.033200   2.64953   0.27504            -0.530    -0.140     3.030         1
14  0.041400   2.64953   0.27504             2.520    -0.730     3.420         1
15  0.033200   2.64953   0.27504             1.850    -3.110     3.700         1
16  0.033200   2.64953   0.27504             0.440    -2.040     3.810         1
17  0.033200   2.64953   0.27504             0.750    -2.960     2.330         1
18  0.033200   2.64953   0.27504             3.810    -2.570     2.300         1
19  0.033200   2.64953   0.27504             3.910    -1.030     1.430         1
20  0.033200   2.64953   0.27504             2.850    -2.310     0.830         1
