mobley_8685905	0.979758	2.0935	#systeme  DGsolv_calc  DGsolv_expt (kJ/mol)
8
#    charge    sigma(Ang)  epsilon(kJ/mol)  x         y         z        Zatomic
1  0.198300   3.39967   1.91652            -0.600     0.440    -0.070         6
2  0.116200   2.29317   0.27504            -1.570    -0.070    -0.120         1
3  0.612001   3.39967   1.91652             0.540    -0.540    -0.040         6
4 -0.216000   3.11815   1.06862             0.560    -1.330    -1.140        10
5 -0.216000   3.11815   1.06862             0.490    -1.340     1.050        10
6 -0.216000   3.11815   1.06862             1.720     0.120    -0.010        10
7 -0.176700   3.11815   1.06862            -0.480     1.230    -1.170        10
8 -0.101800   3.59923   7.35773            -0.610     1.540     1.520        40
