mobley_7497999	-21.261586	-19.17646	#systeme  DGsolv_calc  DGsolv_expt (kJ/mol)
17
#    charge    sigma(Ang)  epsilon(kJ/mol)  x         y         z        Zatomic
1 -0.198200   3.39967   1.91652             1.260     0.130    -2.250         6
2  0.575801   3.39967   1.50658             1.930    -1.020    -1.570         6
3 -0.532601   2.95992   3.67887             2.470    -1.870    -2.260         8
4 -0.173800   3.39967   1.50658             1.890    -1.040    -0.110         6
5 -0.086200   3.39967   1.50658             2.920    -1.630     0.610         6
6 -0.141000   3.39967   1.50658             2.880    -1.650     2.000         6
7 -0.105200   3.39967   1.50658             1.800    -1.080     2.680         6
8 -0.141000   3.39967   1.50658             0.760    -0.480     1.960         6
9 -0.086200   3.39967   1.50658             0.810    -0.460     0.560         6
10  0.064900   2.64953   0.27504             0.200    -0.040    -2.490         1
11  0.064900   2.64953   0.27504             1.760     0.430    -3.190         1
12  0.064900   2.64953   0.27504             1.250     1.050    -1.640         1
13  0.143300   2.59964   0.26278             3.770    -2.080     0.090         1
14  0.136600   2.59964   0.26278             3.690    -2.120     2.560         1
15  0.133900   2.59964   0.26278             1.770    -1.100     3.760         1
16  0.136600   2.59964   0.26278            -0.080    -0.040     2.480         1
17  0.143300   2.59964   0.26278            -0.010     0.000     0.010         1
