mobley_902954	-8.114406	-8.75083	#systeme  DGsolv_calc  DGsolv_expt (kJ/mol)
17
#    charge    sigma(Ang)  epsilon(kJ/mol)  x         y         z        Zatomic
1 -0.100200   3.39967   1.91652             0.390    -1.020    -0.090         6
2 -0.075200   3.39967   1.91652            -0.580    -2.020     0.520         6
3 -0.115600   3.39967   1.91652            -1.930    -1.990    -0.190         6
4  0.131000   3.39967   1.91652            -2.900    -3.000     0.410         6
5 -0.345400   3.00001   2.97813            -4.140    -2.920    -0.290         8
6  0.373700   3.25000   2.97813            -5.130    -3.820     0.200         7
7 -0.184800   2.95992   3.67887            -4.820    -4.550     1.140         8
8 -0.184800   2.95992   3.67887            -6.190    -3.740    -0.420         8
9  0.038500   2.64953   0.27504             1.360    -1.050     0.430         1
10  0.038500   2.64953   0.27504             0.560    -1.230    -1.150         1
11  0.038500   2.64953   0.27504            -0.010    -0.010     0.000         1
12  0.046000   2.64953   0.27504            -0.150    -3.030     0.450         1
13  0.046000   2.64953   0.27504            -0.710    -1.800     1.590         1
14  0.061900   2.64953   0.27504            -2.370    -0.990    -0.130         1
15  0.061900   2.64953   0.27504            -1.800    -2.210    -1.260         1
16  0.085000   2.47135   0.27504            -2.520    -4.020     0.330         1
17  0.085000   2.47135   0.27504            -3.090    -2.770     1.470         1
