mobley_9414831	-13.448644	-10.21628	#systeme  DGsolv_calc  DGsolv_expt (kJ/mol)
21
#    charge    sigma(Ang)  epsilon(kJ/mol)  x         y         z        Zatomic
1 -0.056600   3.39967   1.91652            -1.010    -4.390     1.040         6
2 -0.062900   3.39967   1.50658            -0.050    -3.350     0.550         6
3 -0.134100   3.39967   1.50658            -0.500    -2.030     0.490         6
4 -0.123000   3.39967   1.50658             0.350    -1.030     0.040         6
5 -0.122800   3.39967   1.50658             1.650    -1.340    -0.370         6
6 -0.033600   3.39967   1.50658             2.120    -2.660    -0.320         6
7 -0.029600   3.39967   1.50658             1.260    -3.680     0.140         6
8 -0.118100   3.39967   1.50658             1.720    -5.010     0.180         6
9 -0.128400   3.39967   1.50658             3.020    -5.320    -0.220         6
10 -0.128300   3.39967   1.50658             3.870    -4.310    -0.680         6
11 -0.118600   3.39967   1.50658             3.420    -2.990    -0.730         6
12  0.045000   2.64953   0.27504            -0.910    -4.490     2.130         1
13  0.045000   2.64953   0.27504            -2.040    -4.110     0.810         1
14  0.045000   2.64953   0.27504            -0.820    -5.360     0.570         1
15  0.130600   2.59964   0.26278            -1.510    -1.780     0.810         1
16  0.132400   2.59964   0.26278             0.000    -0.000    -0.000         1
17  0.131200   2.59964   0.26278             2.290    -0.530    -0.720         1
18  0.132700   2.59964   0.26278             1.090    -5.820     0.530         1
19  0.131500   2.59964   0.26278             3.370    -6.340    -0.180         1
20  0.131100   2.59964   0.26278             4.880    -4.550    -0.990         1
21  0.131500   2.59964   0.26278             4.100    -2.220    -1.090         1
