mobley_7769613	1.833906	3.51708	#systeme  DGsolv_calc  DGsolv_expt (kJ/mol)
14
#    charge    sigma(Ang)  epsilon(kJ/mol)  x         y         z        Zatomic
1 -0.093600   3.39967   1.91652             0.270    -1.120     0.900         6
2  0.052200   3.39967   1.91652             0.020     0.240     0.240         6
3 -0.093600   3.39967   1.91652            -1.380     0.300    -0.380         6
4 -0.093600   3.39967   1.91652             1.090     0.560    -0.800         6
5 -0.207000   3.59923   7.35773             0.110     1.610     1.650        40
6  0.048400   2.64953   0.27504             1.270    -1.170     1.340         1
7  0.048400   2.64953   0.27504            -0.460    -1.320     1.690         1
8  0.048400   2.64953   0.27504             0.190    -1.930     0.160         1
9  0.048400   2.64953   0.27504            -1.570     1.270    -0.850         1
10  0.048400   2.64953   0.27504            -1.510    -0.470    -1.140         1
11  0.048400   2.64953   0.27504            -2.150     0.140     0.390         1
12  0.048400   2.64953   0.27504             0.920     1.530    -1.270         1
13  0.048400   2.64953   0.27504             1.120    -0.200    -1.590         1
14  0.048400   2.64953   0.27504             2.080     0.590    -0.330         1
