mobley_3265457	-34.718604	-32.57486	#systeme  DGsolv_calc  DGsolv_expt (kJ/mol)
23
#    charge    sigma(Ang)  epsilon(kJ/mol)  x         y         z        Zatomic
1  0.111500   3.39967   1.91652             1.350    -2.130    -2.150         6
2 -0.344900   3.00001   2.97813             1.940    -1.020    -1.470         8
3  0.003800   3.39967   1.50658             1.890    -1.040    -0.110         6
4 -0.058100   3.39967   1.50658             2.920    -1.630     0.610         6
5 -0.202400   3.39967   1.50658             2.880    -1.650     2.000         6
6  0.056500   3.39967   1.50658             1.800    -1.080     2.680         6
7  0.067700   3.39967   1.50658             0.760    -0.480     1.960         6
8  0.132200   3.39967   1.50658             0.810    -0.460     0.560         6
9 -0.474800   3.06647   3.68587            -0.210     0.120    -0.140         8
10 -0.312200   3.00001   2.97813            -0.300     0.080     2.600         8
11  0.112800   3.39967   1.91652            -1.420    -0.760     2.860         6
12 -0.059300   3.47094   4.64238             1.740    -1.100     4.410        18
13  0.582901   3.39967   1.50658             3.990    -2.280     2.710         6
14 -0.506201   2.95992   3.67887             5.150    -1.900     2.600         8
15  0.045500   2.47135   0.27504             1.460    -1.990    -3.230         1
16  0.045500   2.47135   0.27504             0.290    -2.200    -1.890         1
17  0.045500   2.47135   0.27504             1.860    -3.040    -1.840         1
18  0.166500   2.59964   0.26278             3.760    -2.080     0.080         1
19  0.438600   0.00000   0.00000            -0.030     0.050    -1.100         1
20  0.045300   2.47135   0.27504            -2.190    -0.180     3.380         1
21  0.045300   2.47135   0.27504            -1.090    -1.600     3.480         1
22  0.045300   2.47135   0.27504            -1.800    -1.140     1.920         1
23  0.013000   2.51055   0.26278             3.750    -3.140     3.370         1
