mobley_8426916	-12.502382	-17.04109	#systeme  DGsolv_calc  DGsolv_expt (kJ/mol)
16
#    charge    sigma(Ang)  epsilon(kJ/mol)  x         y         z        Zatomic
1 -0.096000   3.39967   1.91652             1.590    -1.230     2.890         6
2  0.169200   3.39967   1.91652             1.210    -0.980     1.470         6
3 -0.835501   3.25000   2.97813             2.320    -1.240     0.590         7
4  0.169200   3.39967   1.91652             1.960    -0.990    -0.810         6
5 -0.096000   3.39967   1.91652             3.120    -1.270    -1.690         6
6  0.038500   2.64953   0.27504             0.740    -1.030     3.560         1
7  0.038500   2.64953   0.27504             1.920    -2.260     3.030         1
8  0.038500   2.64953   0.27504             2.410    -0.570     3.180         1
9  0.025000   2.47135   0.27504             0.910     0.070     1.330         1
10  0.025000   2.47135   0.27504             0.380    -1.620     1.170         1
11  0.358100   1.06908   0.27504             3.110    -0.630     0.830         1
12  0.025000   2.47135   0.27504             1.120    -1.650    -1.030         1
13  0.025000   2.47135   0.27504             1.650     0.050    -0.870         1
14  0.038500   2.64953   0.27504             2.870    -1.090    -2.740         1
15  0.038500   2.64953   0.27504             3.990    -0.660    -1.410         1
16  0.038500   2.64953   0.27504             3.400    -2.320    -1.580         1
