mobley_5948990	-32.07242	-30.85819	#systeme  DGsolv_calc  DGsolv_expt (kJ/mol)
16
#    charge    sigma(Ang)  epsilon(kJ/mol)  x         y         z        Zatomic
1 -0.059100   3.39967   1.50658             1.890    -1.040    -0.110         6
2 -0.177800   3.39967   1.50658             2.920    -1.630     0.610         6
3 -0.044200   3.39967   1.50658             2.880    -1.650     2.000         6
4 -0.228400   3.39967   1.50658             1.800    -1.080     2.680         6
5  0.217500   3.39967   1.50658             0.760    -0.480     1.960         6
6 -0.202800   3.39967   1.50658             0.810    -0.460     0.560         6
7 -0.835901   3.25000   2.97813            -0.340     0.100     2.610         7
8  0.309300   3.25000   2.97813             1.780    -1.120     4.100         7
9 -0.202100   2.95992   3.67887             1.240    -2.090     4.670         8
10 -0.202100   2.95992   3.67887             2.300    -0.170     4.730         8
11  0.141700   2.59964   0.26278             1.920    -1.020    -1.200         1
12  0.145800   2.59964   0.26278             3.760    -2.080     0.080         1
13  0.154700   2.59964   0.26278             3.690    -2.120     2.550         1
14  0.143400   2.59964   0.26278             0.000    -0.000    -0.010         1
15  0.420000   1.06908   0.27504            -1.040     0.560     2.070         1
16  0.420000   1.06908   0.27504            -0.350     0.130     3.610         1
