mobley_7754849	-44.566428	-25.5407	#systeme  DGsolv_calc  DGsolv_expt (kJ/mol)
41
#    charge    sigma(Ang)  epsilon(kJ/mol)  x         y         z        Zatomic
1 -0.097400   3.39967   1.91652            -0.260    -1.540     4.110         6
2  0.134100   3.39967   1.91652            -0.600    -2.220     2.800         6
3 -0.479700   3.00001   2.97813             0.600    -2.460     2.070         8
4  0.828301   3.74177   3.50368             0.550    -3.180     0.610        15
5 -0.461400   3.56359   4.37960            -0.230    -4.980     0.690        16
6 -0.479700   3.00001   2.97813             2.160    -3.210     0.320         8
7  0.134100   3.39967   1.91652             2.660    -3.770    -0.880         6
8 -0.097400   3.39967   1.91652             4.170    -3.670    -0.880         6
9 -0.340300   3.56359   4.37960            -0.290    -1.770    -0.750        16
10  0.286800   3.39967   1.91652             0.830    -0.350    -0.700         6
11 -0.340300   3.56359   4.37960             0.290     0.980    -1.800        16
12  0.828301   3.74177   3.50368             1.730     2.540    -1.610        15
13 -0.461400   3.56359   4.37960             1.490     4.170    -2.660        16
14 -0.479700   3.00001   2.97813             3.210     1.870    -1.830         8
15  0.134100   3.39967   1.91652             3.530     1.230    -3.050         6
16 -0.097400   3.39967   1.91652             4.950     0.710    -2.980         6
17 -0.479700   3.00001   2.97813             1.830     2.910    -0.020         8
18  0.134100   3.39967   1.91652             0.700     3.370     0.700         6
19 -0.097400   3.39967   1.91652             1.090     3.630     2.130         6
20  0.057700   2.64953   0.27504            -1.160    -1.350     4.690         1
21  0.057700   2.64953   0.27504             0.420    -2.170     4.700         1
22  0.057700   2.64953   0.27504             0.260    -0.590     3.930         1
23  0.067300   2.47135   0.27504            -1.260    -1.590     2.200         1
24  0.067300   2.47135   0.27504            -1.090    -3.180     2.980         1
25  0.067300   2.47135   0.27504             2.350    -4.820    -0.950         1
26  0.067300   2.47135   0.27504             2.240    -3.220    -1.730         1
27  0.057700   2.64953   0.27504             4.590    -4.090    -1.800         1
28  0.057700   2.64953   0.27504             4.490    -2.620    -0.800         1
29  0.057700   2.64953   0.27504             4.600    -4.200    -0.020         1
30  0.100600   2.29317   0.27504             1.830    -0.690    -1.010         1
31  0.100600   2.29317   0.27504             0.910     0.030     0.320         1
32  0.067300   2.47135   0.27504             2.830     0.400    -3.210         1
33  0.067300   2.47135   0.27504             3.420     1.950    -3.870         1
34  0.057700   2.64953   0.27504             5.230     0.200    -3.910         1
35  0.057700   2.64953   0.27504             5.650     1.530    -2.800         1
36  0.057700   2.64953   0.27504             5.060     0.000    -2.150         1
37  0.067300   2.47135   0.27504             0.330     4.290     0.220         1
38  0.067300   2.47135   0.27504            -0.090     2.610     0.650         1
39  0.057700   2.64953   0.27504             0.230     3.990     2.710         1
40  0.057700   2.64953   0.27504             1.470     2.720     2.600         1
41  0.057700   2.64953   0.27504             1.890     4.380     2.190         1
