mobley_2607611	-9.290953	-9.46262	#systeme  DGsolv_calc  DGsolv_expt (kJ/mol)
26
#    charge    sigma(Ang)  epsilon(kJ/mol)  x         y         z        Zatomic
1 -0.093300   3.39967   1.91652             1.760    -1.390     0.890         6
2 -0.081500   3.39967   1.91652             1.160    -1.870     2.210         6
3 -0.079100   3.39967   1.91652            -0.120    -1.110     2.550         6
4 -0.075400   3.39967   1.91652            -0.770    -1.550     3.860         6
5 -0.116300   3.39967   1.91652            -2.050    -0.790     4.200         6
6  0.139800   3.39967   1.91652            -2.650    -1.270     5.520         6
7 -0.461400   3.00001   2.97813            -3.830    -0.520     5.780         8
8  0.637901   3.39967   1.50658            -4.490    -0.840     6.930         6
9 -0.513901   2.95992   3.67887            -4.150    -1.690     7.740         8
10 -0.161800   3.39967   1.91652            -5.710     0.020     7.080         6
11  0.032900   2.64953   0.27504             2.670    -1.950     0.670         1
12  0.032900   2.64953   0.27504             1.050    -1.540     0.060         1
13  0.032900   2.64953   0.27504             2.010    -0.330     0.940         1
14  0.037800   2.64953   0.27504             1.900    -1.740     3.010         1
15  0.037800   2.64953   0.27504             0.950    -2.940     2.130         1
16  0.043700   2.64953   0.27504            -0.850    -1.210     1.730         1
17  0.043700   2.64953   0.27504             0.110    -0.040     2.620         1
18  0.041400   2.64953   0.27504            -0.040    -1.400     4.670         1
19  0.041400   2.64953   0.27504            -0.980    -2.630     3.820         1
20  0.050300   2.64953   0.27504            -2.790    -0.910     3.410         1
21  0.050300   2.64953   0.27504            -1.840     0.290     4.270         1
22  0.067300   2.47135   0.27504            -2.910    -2.330     5.460         1
23  0.067300   2.47135   0.27504            -1.950    -1.110     6.350         1
24  0.075100   2.64953   0.27504            -6.570    -0.470     6.600         1
25  0.075100   2.64953   0.27504            -5.530     1.000     6.630         1
26  0.075100   2.64953   0.27504            -5.930     0.160     8.140         1
