mobley_2126135	-19.963616	-23.69842	#systeme  DGsolv_calc  DGsolv_expt (kJ/mol)
19
#    charge    sigma(Ang)  epsilon(kJ/mol)  x         y         z        Zatomic
1 -0.087100   3.39967   1.91652             2.650     0.220    -2.130         6
2 -0.029500   3.39967   1.91652             1.950    -1.020    -1.600         6
3 -0.099100   3.39967   1.50658             1.890    -1.040    -0.110         6
4 -0.098600   3.39967   1.50658             2.920    -1.630     0.610         6
5 -0.162200   3.39967   1.50658             2.880    -1.650     2.000         6
6 -0.095500   3.39967   1.50658             1.800    -1.080     2.680         6
7 -0.211300   3.39967   1.50658             0.760    -0.480     1.960         6
8  0.124800   3.39967   1.50658             0.810    -0.460     0.560         6
9 -0.498000   3.06647   3.68587            -0.210     0.120    -0.130         8
10  0.035500   2.64953   0.27504             2.690     0.220    -3.220         1
11  0.035500   2.64953   0.27504             3.680     0.260    -1.750         1
12  0.035500   2.64953   0.27504             2.140     1.130    -1.810         1
13  0.051200   2.64953   0.27504             2.460    -1.920    -1.960         1
14  0.051200   2.64953   0.27504             0.930    -1.070    -2.020         1
15  0.134100   2.59964   0.26278             3.770    -2.080     0.090         1
16  0.132700   2.59964   0.26278             3.690    -2.110     2.560         1
17  0.131500   2.59964   0.26278             1.770    -1.090     3.760         1
18  0.131800   2.59964   0.26278            -0.070    -0.040     2.490         1
19  0.417500   0.00000   0.00000            -0.880     0.470     0.490         1
