mobley_8320545	-7.699893	-15.53377	#systeme  DGsolv_calc  DGsolv_expt (kJ/mol)
10
#    charge    sigma(Ang)  epsilon(kJ/mol)  x         y         z        Zatomic
1 -0.112400   3.39967   1.91652             0.240     0.240     1.040         6
2 -0.073600   3.39967   1.91652             1.130    -0.820     1.660         6
3  0.226100   3.25000   2.97813             2.380    -0.900     0.910         7
4 -0.210300   2.95992   3.67887             3.330    -0.170     1.260         8
5 -0.210300   2.95992   3.67887             2.420    -1.690    -0.060         8
6  0.064100   2.64953   0.27504            -0.710     0.340     1.580         1
7  0.064100   2.64953   0.27504             0.720     1.220     1.040         1
8  0.064100   2.64953   0.27504             0.010    -0.020     0.000         1
9  0.094100   2.47135   0.27504             0.650    -1.800     1.630         1
10  0.094100   2.47135   0.27504             1.380    -0.570     2.700         1
