mobley_1770205	-59.061822	-41.99561	#systeme  DGsolv_calc  DGsolv_expt (kJ/mol)
31
#    charge    sigma(Ang)  epsilon(kJ/mol)  x         y         z        Zatomic
1  0.127300   3.39967   1.91652             0.900     0.320     0.140         6
2 -0.497600   3.00001   2.97813             1.150    -1.080     0.070         8
3  0.857801   3.74177   3.50368             2.070    -1.690    -1.140        15
4 -0.425500   3.56359   4.37960             1.330    -1.320    -2.910        16
5 -0.497600   3.00001   2.97813             1.940    -3.270    -0.730         8
6  0.127300   3.39967   1.91652             2.600    -4.260    -1.510         6
7 -0.395400   3.56359   4.37960             4.080    -1.110    -0.730        16
8  0.328900   3.39967   1.91652             4.460    -1.830     0.880         6
9 -0.276500   3.25000   2.97813             5.800    -1.500     1.280         7
10  0.693901   3.39967   1.50658             6.840    -2.370     0.910         6
11 -0.596901   2.95992   3.67887             6.690    -3.400     0.270         8
12 -0.165500   3.39967   1.50658             8.170    -1.970     1.350         6
13 -0.064700   3.39967   1.50658             9.300    -2.740     1.050         6
14 -0.130600   3.39967   1.50658            10.560    -2.320     1.490         6
15 -0.098500   3.39967   1.50658            10.670    -1.130     2.220         6
16 -0.093900   3.39967   1.50658             9.540    -0.380     2.510         6
17  0.110300   3.39967   1.50658             8.270    -0.790     2.070         6
18 -0.227700   3.25000   2.97813             7.160     0.000     2.380         7
19  0.027300   3.25000   2.97813             6.020    -0.350     2.000         7
20  0.066700   2.47135   0.27504             0.270     0.530     1.000         1
21  0.066700   2.47135   0.27504             0.410     0.650    -0.780         1
22  0.066700   2.47135   0.27504             1.850     0.840     0.250         1
23  0.066700   2.47135   0.27504             2.390    -5.250    -1.080         1
24  0.066700   2.47135   0.27504             3.670    -4.070    -1.510         1
25  0.066700   2.47135   0.27504             2.220    -4.220    -2.530         1
26  0.090400   2.29317   0.27504             4.370    -2.920     0.850         1
27  0.090400   2.29317   0.27504             3.780    -1.440     1.640         1
28  0.164800   2.59964   0.26278             9.230    -3.660     0.490         1
29  0.145900   2.59964   0.26278            11.440    -2.910     1.270         1
30  0.144700   2.59964   0.26278            11.650    -0.800     2.570         1
31  0.161200   2.59964   0.26278             9.640     0.550     3.080         1
