mobley_3709920	12.540065	8.62522	#systeme  DGsolv_calc  DGsolv_expt (kJ/mol)
27
#    charge    sigma(Ang)  epsilon(kJ/mol)  x         y         z        Zatomic
1 -0.092400   3.39967   1.91652            -2.710     2.760    -1.320         6
2 -0.079900   3.39967   1.91652            -2.020     1.400    -1.340         6
3 -0.081100   3.39967   1.91652            -1.340     1.100    -0.010         6
4 -0.076500   3.39967   1.91652            -0.650    -0.270    -0.040         6
5 -0.075900   3.39967   1.91652             0.030    -0.570     1.300         6
6 -0.074500   3.39967   1.91652             0.740    -1.940     1.320         6
7 -0.053900   3.39967   1.91652             1.440    -2.290     2.640         6
8 -0.161700   3.39967   1.50658             0.500    -2.330     3.810         6
9 -0.224100   3.39967   1.50658             0.620    -1.550     4.890         6
10  0.032600   2.64953   0.27504            -3.200     2.970    -2.270         1
11  0.032600   2.64953   0.27504            -1.970     3.550    -1.130         1
12  0.032600   2.64953   0.27504            -3.470     2.810    -0.530         1
13  0.037600   2.64953   0.27504            -2.770     0.630    -1.560         1
14  0.037600   2.64953   0.27504            -1.290     1.390    -2.150         1
15  0.040800   2.64953   0.27504            -0.600     1.880     0.210         1
16  0.040800   2.64953   0.27504            -2.080     1.120     0.800         1
17  0.038600   2.64953   0.27504             0.080    -0.280    -0.850         1
18  0.038600   2.64953   0.27504            -1.390    -1.050    -0.260         1
19  0.037700   2.64953   0.27504             0.740     0.220     1.540         1
20  0.037700   2.64953   0.27504            -0.720    -0.570     2.090         1
21  0.041000   2.64953   0.27504             1.480    -1.970     0.510         1
22  0.041000   2.64953   0.27504            -0.000    -2.710     1.090         1
23  0.046700   2.64953   0.27504             2.270    -1.600     2.820         1
24  0.046700   2.64953   0.27504             1.890    -3.280     2.530         1
25  0.116800   2.59964   0.26278            -0.310    -3.050     3.770         1
26  0.110300   2.59964   0.26278            -0.090    -1.640     5.710         1
27  0.110300   2.59964   0.26278             1.420    -0.820     4.980         1
