mobley_1017962	-13.812913	-10.42563	#systeme  DGsolv_calc  DGsolv_expt (kJ/mol)
23
#    charge    sigma(Ang)  epsilon(kJ/mol)  x         y         z        Zatomic
1 -0.090000   3.39967   1.91652             0.040     1.060     0.140         6
2 -0.082700   3.39967   1.91652            -0.160     1.440     1.600         6
3 -0.080300   3.39967   1.91652             0.920     0.820     2.490         6
4 -0.072500   3.39967   1.91652             0.710     1.200     3.960         6
5 -0.126900   3.39967   1.91652             1.780     0.600     4.880         6
6  0.632001   3.39967   1.50658             1.600     0.970     6.330         6
7 -0.539901   2.95992   3.67887             0.690     1.670     6.770         8
8 -0.442800   3.00001   2.97813             2.610     0.420     7.060         8
9  0.124600   3.39967   1.91652             2.580     0.700     8.470         6
10  0.032600   2.64953   0.27504            -0.740     1.510    -0.480         1
11  0.032600   2.64953   0.27504             1.010     1.410    -0.220         1
12  0.032600   2.64953   0.27504             0.000    -0.020     0.020         1
13  0.042000   2.64953   0.27504            -1.150     1.090     1.930         1
14  0.042000   2.64953   0.27504            -0.150     2.530     1.700         1
15  0.045700   2.64953   0.27504             0.910    -0.270     2.380         1
16  0.045700   2.64953   0.27504             1.910     1.170     2.160         1
17  0.051200   2.64953   0.27504             0.750     2.300     4.050         1
18  0.051200   2.64953   0.27504            -0.280     0.890     4.290         1
19  0.076600   2.64953   0.27504             1.790    -0.490     4.780         1
20  0.076600   2.64953   0.27504             2.770     0.980     4.570         1
21  0.049900   2.47135   0.27504             3.430     0.210     8.940         1
22  0.049900   2.47135   0.27504             1.650     0.330     8.880         1
23  0.049900   2.47135   0.27504             2.650     1.780     8.600         1
