mobley_9741965	-20.700528	-17.96223	#systeme  DGsolv_calc  DGsolv_expt (kJ/mol)
20
#    charge    sigma(Ang)  epsilon(kJ/mol)  x         y         z        Zatomic
1 -0.143400   3.39967   1.91652             0.480     0.820    -0.550         6
2  0.153700   3.39967   1.91652             0.570     0.490    -2.040         6
3  0.069300   2.47135   0.27504             1.010     1.350    -2.560         1
4 -0.087300   3.39967   1.91652             1.410    -0.760    -2.290         6
5  0.124400   3.39967   1.91652             1.520    -1.110    -3.770         6
6 -0.347100   3.00001   2.97813             2.310    -2.280    -3.910         8
7  0.378600   3.25000   2.97813             2.470    -2.690    -5.260         7
8 -0.174400   2.95992   3.67887             1.930    -2.020    -6.130         8
9 -0.174400   2.95992   3.67887             3.160    -3.710    -5.370         8
10 -0.365300   3.00001   2.97813            -0.750     0.310    -2.550         8
11  0.369200   3.25000   2.97813            -1.420     1.530    -2.830         7
12 -0.159000   2.95992   3.67887            -0.820     2.580    -2.600         8
13 -0.159000   2.95992   3.67887            -2.560     1.360    -3.270         8
14  0.063700   2.64953   0.27504             0.040    -0.010     0.010         1
15  0.063700   2.64953   0.27504            -0.130     1.710    -0.390         1
16  0.063700   2.64953   0.27504             1.470     1.030    -0.150         1
17  0.087100   2.64953   0.27504             2.420    -0.640    -1.870         1
18  0.087100   2.64953   0.27504             0.970    -1.620    -1.760         1
19  0.074700   2.47135   0.27504             0.530    -1.300    -4.200         1
20  0.074700   2.47135   0.27504             2.000    -0.300    -4.320         1
