mobley_6456034	-10.80246	-7.07603	#systeme  DGsolv_calc  DGsolv_expt (kJ/mol)
26
#    charge    sigma(Ang)  epsilon(kJ/mol)  x         y         z        Zatomic
1 -0.085100   3.39967   1.91652             1.970    -1.570    -5.630         6
2 -0.115000   3.39967   1.91652             3.170    -1.110    -4.810         6
3 -0.085100   3.39967   1.91652             4.160    -0.360    -5.700         6
4  0.157700   3.39967   1.91652             2.750    -0.240    -3.630         6
5 -0.446200   3.00001   2.97813             1.880    -0.980    -2.770         8
6  0.635001   3.39967   1.50658             1.430    -0.310    -1.670         6
7 -0.536801   2.95992   3.67887             1.700     0.850    -1.370         8
8 -0.112000   3.39967   1.91652             0.530    -1.220    -0.850         6
9 -0.092000   3.39967   1.91652             1.370    -1.980     0.170         6
10 -0.092000   3.39967   1.91652            -0.580    -0.420    -0.160         6
11  0.035100   2.64953   0.27504             1.250    -2.110    -5.000         1
12  0.035100   2.64953   0.27504             2.270    -2.240    -6.450         1
13  0.035100   2.64953   0.27504             1.440    -0.720    -6.070         1
14  0.086000   2.64953   0.27504             3.670    -2.010    -4.420         1
15  0.035100   2.64953   0.27504             5.030    -0.020    -5.130         1
16  0.035100   2.64953   0.27504             3.690     0.530    -6.140         1
17  0.035100   2.64953   0.27504             4.520    -0.990    -6.520         1
18  0.054800   2.47135   0.27504             3.620     0.070    -3.050         1
19  0.054800   2.47135   0.27504             2.220     0.660    -3.970         1
20  0.080900   2.64953   0.27504             0.050    -1.930    -1.540         1
21  0.047400   2.64953   0.27504             0.740    -2.640     0.780         1
22  0.047400   2.64953   0.27504             1.890    -1.290     0.850         1
23  0.047400   2.64953   0.27504             2.130    -2.590    -0.320         1
24  0.047400   2.64953   0.27504            -1.220    -1.080     0.430         1
25  0.047400   2.64953   0.27504            -1.200     0.090    -0.900         1
26  0.047400   2.64953   0.27504            -0.170     0.340     0.510         1
