mobley_6804509	0.146545	-5.61058	#systeme  DGsolv_calc  DGsolv_expt (kJ/mol)
12
#    charge    sigma(Ang)  epsilon(kJ/mol)  x         y         z        Zatomic
1 -0.108100   3.39967   1.50658             1.890    -1.040    -0.110         6
2  0.022400   3.39967   1.50658             2.920    -1.630     0.610         6
3  0.022400   3.39967   1.50658             2.880    -1.650     2.000         6
4 -0.108000   3.39967   1.50658             1.800    -1.080     2.680         6
5  0.022400   3.39967   1.50658             0.760    -0.480     1.960         6
6  0.022400   3.39967   1.50658             0.810    -0.460     0.560         6
7 -0.053300   3.47094   4.64238            -0.450     0.260    -0.390        18
8 -0.053300   3.47094   4.64238            -0.550     0.210     2.850        18
9 -0.053300   3.47094   4.64238             4.130    -2.370     2.950        18
10 -0.053300   3.47094   4.64238             4.230    -2.320    -0.280        18
11  0.169850   2.59964   0.26278             1.920    -1.020    -1.200         1
12  0.169850   2.59964   0.26278             1.770    -1.100     3.760         1
