mobley_9733743	-12.397707	-17.75288	#systeme  DGsolv_calc  DGsolv_expt (kJ/mol)
16
#    charge    sigma(Ang)  epsilon(kJ/mol)  x         y         z        Zatomic
1 -0.093300   3.39967   1.91652            -0.500     0.970    -0.110         6
2 -0.075400   3.39967   1.91652            -1.040     1.430     1.240         6
3 -0.121200   3.39967   1.91652            -1.810     2.750     1.110         6
4  0.151700   3.39967   1.91652            -2.360     3.240     2.440         6
5 -0.907101   3.25000   2.97813            -3.090     4.470     2.320         7
6  0.033700   2.64953   0.27504             0.050     0.030    -0.010         1
7  0.033700   2.64953   0.27504            -1.330     0.800    -0.810         1
8  0.033700   2.64953   0.27504             0.170     1.720    -0.540         1
9  0.040500   2.64953   0.27504            -1.690     0.650     1.650         1
10  0.040500   2.64953   0.27504            -0.200     1.550     1.930         1
11  0.036700   2.64953   0.27504            -1.160     3.510     0.670         1
12  0.036700   2.64953   0.27504            -2.650     2.600     0.420         1
13  0.050400   2.47135   0.27504            -1.560     3.390     3.170         1
14  0.050400   2.47135   0.27504            -3.060     2.500     2.860         1
15  0.344500   1.06908   0.27504            -4.060     4.440     2.040         1
16  0.344500   1.06908   0.27504            -2.580     5.340     2.310         1
