mobley_9209581	-11.036932	-13.3984	#systeme  DGsolv_calc  DGsolv_expt (kJ/mol)
13
#    charge    sigma(Ang)  epsilon(kJ/mol)  x         y         z        Zatomic
1  0.149500   3.39967   1.91652            -0.270    -0.260     1.030         6
2 -0.726601   3.25000   2.97813             0.900    -0.520     1.860         7
3  0.149500   3.39967   1.91652             1.750     0.670     1.940         6
4  0.149500   3.39967   1.91652             1.660    -1.650     1.340         6
5  0.030900   2.47135   0.27504            -0.900    -1.150     0.980         1
6  0.030900   2.47135   0.27504             0.040     0.020     0.020         1
7  0.030900   2.47135   0.27504            -0.860     0.570     1.450         1
8  0.030900   2.47135   0.27504             2.610     0.450     2.560         1
9  0.030900   2.47135   0.27504             1.180     1.490     2.370         1
10  0.030900   2.47135   0.27504             2.080     0.940     0.940         1
11  0.030900   2.47135   0.27504             2.520    -1.820     1.980         1
12  0.030900   2.47135   0.27504             1.980    -1.430     0.330         1
13  0.030900   2.47135   0.27504             1.020    -2.530     1.340         1
