mobley_4587267	-76.044294	-98.89694	#systeme  DGsolv_calc  DGsolv_expt (kJ/mol)
26
#    charge    sigma(Ang)  epsilon(kJ/mol)  x         y         z        Zatomic
1  0.116900   3.39967   1.91652             1.020    -1.630     5.750         6
2  0.121400   3.39967   1.91652             0.360    -2.110     4.460         6
3  0.061600   2.47135   0.27504             0.250    -3.200     4.480         1
4  0.117700   3.39967   1.91652             1.090    -1.660     3.170         6
5  0.056400   2.47135   0.27504             1.100    -0.570     3.160         1
6  0.117700   3.39967   1.91652             0.440    -2.190     1.880         6
7  0.056400   2.47135   0.27504            -0.600    -1.830     1.810         1
8  0.121400   3.39967   1.91652             1.170    -1.770     0.590         6
9  0.061600   2.47135   0.27504             2.210    -2.130     0.600         1
10  0.116900   3.39967   1.91652             0.470    -2.180    -0.700         6
11 -0.607201   3.06647   3.68587             1.250    -1.730    -1.800         8
12 -0.600701   3.06647   3.68587             1.260    -0.340     0.580         8
13 -0.603901   3.06647   3.68587             0.380    -3.620     1.940         8
14 -0.603901   3.06647   3.68587             2.450    -2.100     3.210         8
15 -0.600701   3.06647   3.68587            -0.960    -1.570     4.440         8
16 -0.607201   3.06647   3.68587             0.500    -2.350     6.860         8
17  0.047500   2.47135   0.27504             0.810    -0.570     5.930         1
18  0.047500   2.47135   0.27504             2.110    -1.770     5.740         1
19  0.047500   2.47135   0.27504            -0.520    -1.730    -0.780         1
20  0.047500   2.47135   0.27504             0.390    -3.270    -0.770         1
21  0.408100   0.00000   0.00000             0.780    -2.020    -2.600         1
22  0.411400   0.00000   0.00000             1.720    -0.100    -0.240         1
23  0.423300   0.00000   0.00000             1.290    -3.920     2.030         1
24  0.423300   0.00000   0.00000             2.420    -3.060     3.280         1
25  0.411400   0.00000   0.00000            -1.410    -1.910     5.220         1
26  0.408100   0.00000   0.00000             0.950    -2.010     7.650         1
