mobley_6911232	-2.97277	-8.7927	#systeme  DGsolv_calc  DGsolv_expt (kJ/mol)
12
#    charge    sigma(Ang)  epsilon(kJ/mol)  x         y         z        Zatomic
1 -0.097100   3.39967   1.91652             1.060    -0.270    -0.000         6
2  0.125600   3.39967   1.91652             1.910     0.910    -0.420         6
3 -0.418900   3.00001   2.97813             1.520     1.320    -1.720         8
4  0.115100   3.39967   1.91652             2.280     2.430    -2.170         6
5  0.044800   2.64953   0.27504             1.340    -0.610     1.000         1
6  0.044800   2.64953   0.27504            -0.000    -0.000    -0.000         1
7  0.044800   2.64953   0.27504             1.180    -1.100    -0.700         1
8  0.022000   2.47135   0.27504             2.970     0.640    -0.450         1
9  0.022000   2.47135   0.27504             1.770     1.750     0.270         1
10  0.032300   2.47135   0.27504             1.950     2.720    -3.170         1
11  0.032300   2.47135   0.27504             3.340     2.160    -2.190         1
12  0.032300   2.47135   0.27504             2.130     3.270    -1.490         1
