mobley_2183616	-0.92114	-1.88415	#systeme  DGsolv_calc  DGsolv_expt (kJ/mol)
24
#    charge    sigma(Ang)  epsilon(kJ/mol)  x         y         z        Zatomic
1 -0.095600   3.39967   1.91652             0.350     0.860     0.440         6
2 -0.074700   3.39967   1.91652             0.400     0.850     1.970         6
3 -0.022300   3.39967   1.91652            -0.990     0.650     2.620         6
4  0.053600   2.64953   0.27504            -1.630     1.470     2.290         1
5 -0.087900   3.39967   1.91652            -0.880     0.750     4.140         6
6 -0.068700   3.39967   1.50658            -1.650    -0.670     2.220         6
7 -0.129200   3.39967   1.50658            -3.040    -0.760     2.160         6
8 -0.129300   3.39967   1.50658            -3.640    -1.970     1.800         6
9 -0.134000   3.39967   1.50658            -2.850    -3.080     1.500         6
10 -0.129300   3.39967   1.50658            -1.460    -2.980     1.550         6
11 -0.129200   3.39967   1.50658            -0.860    -1.780     1.920         6
12  0.035900   2.64953   0.27504             1.350     1.000     0.040         1
13  0.035900   2.64953   0.27504            -0.030    -0.090     0.050         1
14  0.035900   2.64953   0.27504            -0.290     1.670     0.070         1
15  0.039000   2.64953   0.27504             1.100     0.080     2.300         1
16  0.039000   2.64953   0.27504             0.800     1.810     2.300         1
17  0.036800   2.64953   0.27504            -1.850     0.610     4.630         1
18  0.036800   2.64953   0.27504            -0.200    -0.010     4.540         1
19  0.036800   2.64953   0.27504            -0.500     1.740     4.440         1
20  0.130800   2.59964   0.26278            -3.660     0.100     2.400         1
21  0.129800   2.59964   0.26278            -4.720    -2.040     1.750         1
22  0.129300   2.59964   0.26278            -3.320    -4.010     1.210         1
23  0.129800   2.59964   0.26278            -0.850    -3.850     1.320         1
24  0.130800   2.59964   0.26278             0.230    -1.710     1.960         1
