mobley_2789243	-11.585429	-16.78987	#systeme  DGsolv_calc  DGsolv_expt (kJ/mol)
11
#    charge    sigma(Ang)  epsilon(kJ/mol)  x         y         z        Zatomic
1 -0.235900   3.39967   1.50658             1.650    -0.620     2.900         6
2 -0.090900   3.39967   1.50658             1.390    -0.070     1.650         6
3 -0.106300   3.39967   1.50658             0.230    -0.420     0.970         6
4  0.404800   3.39967   1.50658            -0.630    -1.320     1.580         6
5 -0.656101   3.25000   2.97813            -0.410    -1.880     2.790         7
6  0.393600   3.39967   1.50658             0.730    -1.520     3.420         6
7 -0.073400   3.47094   4.64238            -0.130     0.240    -0.570        18
8  0.150500   2.59964   0.26278             2.550    -0.360     3.450         1
9  0.150900   2.59964   0.26278             2.100     0.640     1.220         1
10  0.036400   2.51055   0.26278            -1.550    -1.640     1.100         1
11  0.026400   2.51055   0.26278             0.890    -1.980     4.390         1
