mobley_1827204	-11.97482	-11.76547	#systeme  DGsolv_calc  DGsolv_expt (kJ/mol)
19
#    charge    sigma(Ang)  epsilon(kJ/mol)  x         y         z        Zatomic
1 -0.092300   3.39967   1.91652            -0.660    -0.820     2.660         6
2 -0.080000   3.39967   1.91652            -0.050     0.210     1.730         6
3 -0.078200   3.39967   1.91652            -0.310    -0.130     0.260         6
4 -0.075500   3.39967   1.91652             0.300     0.920    -0.670         6
5 -0.196200   3.39967   1.91652             0.070     0.590    -2.150         6
6  0.563001   3.39967   1.50658             0.660     1.610    -3.100         6
7 -0.524101   2.95992   3.67887             1.280     2.610    -2.760         8
8  0.033300   2.64953   0.27504            -0.470    -0.560     3.700         1
9  0.033300   2.64953   0.27504            -0.230    -1.810     2.480         1
10  0.033300   2.64953   0.27504            -1.740    -0.890     2.520         1
11  0.040800   2.64953   0.27504             1.030     0.280     1.910         1
12  0.040800   2.64953   0.27504            -0.480     1.200     1.960         1
13  0.037200   2.64953   0.27504            -1.390    -0.200     0.080         1
14  0.037200   2.64953   0.27504             0.110    -1.120     0.040         1
15  0.053300   2.64953   0.27504             1.380     1.010    -0.480         1
16  0.053300   2.64953   0.27504            -0.150     1.890    -0.450         1
17  0.066200   2.64953   0.27504             0.470    -0.390    -2.400         1
18  0.066200   2.64953   0.27504            -1.010     0.570    -2.350         1
19 -0.011600   2.51055   0.26278             0.480     1.400    -4.170         1
