mobley_1328465	-1.607808	-8.33213	#systeme  DGsolv_calc  DGsolv_expt (kJ/mol)
8
#    charge    sigma(Ang)  epsilon(kJ/mol)  x         y         z        Zatomic
1  0.009500   3.39967   1.91652            -0.190     0.620     0.470         6
2  0.133300   3.39967   1.91652             0.430    -0.490    -0.370         6
3 -0.134900   3.47094   4.64238            -0.070    -0.400    -2.080        18
4 -0.134900   3.47094   4.64238             0.060    -2.110     0.290        18
5 -0.144900   3.47094   4.64238            -1.980     0.600     0.470        18
6  0.086000   2.47135   0.27504             0.130     0.550     1.510         1
7  0.086000   2.47135   0.27504             0.120     1.600     0.090         1
8  0.099900   2.29317   0.27504             1.510    -0.390    -0.360         1
