mobley_1650157	-13.766856	-18.71589	#systeme  DGsolv_calc  DGsolv_expt (kJ/mol)
15
#    charge    sigma(Ang)  epsilon(kJ/mol)  x         y         z        Zatomic
1 -0.108800   3.39967   1.91652            -0.470    -0.070     0.990         6
2  0.145500   3.39967   1.91652             0.560    -0.400     2.070         6
3 -0.108800   3.39967   1.91652             1.630     0.690     2.160         6
4 -0.108800   3.39967   1.91652             1.200    -1.760     1.810         6
5 -0.599501   3.06647   3.68587            -0.110    -0.450     3.330         8
6  0.042700   2.64953   0.27504            -1.230    -0.850     0.930         1
7  0.042700   2.64953   0.27504            -0.960     0.890     1.180         1
8  0.042700   2.64953   0.27504             0.010    -0.020     0.000         1
9  0.042700   2.64953   0.27504             2.370     0.460     2.930         1
10  0.042700   2.64953   0.27504             1.180     1.650     2.440         1
11  0.042700   2.64953   0.27504             2.150     0.820     1.210         1
12  0.042700   2.64953   0.27504             1.940    -2.000     2.590         1
13  0.042700   2.64953   0.27504             0.460    -2.560     1.780         1
14  0.042700   2.64953   0.27504             1.750    -1.760     0.860         1
15  0.396100   0.00000   0.00000            -0.780    -1.140     3.260         1
