mobley_6497672	-13.988767	-17.66914	#systeme  DGsolv_calc  DGsolv_expt (kJ/mol)
11
#    charge    sigma(Ang)  epsilon(kJ/mol)  x         y         z        Zatomic
1 -0.083000   3.39967   1.91652            -1.880     0.890    -0.720         6
2 -0.090500   3.39967   1.50658            -0.950    -0.250    -0.480         6
3 -0.276800   3.39967   1.50658            -1.220    -1.520    -0.800         6
4  0.558101   3.39967   1.50658            -0.230    -2.570    -0.510         6
5 -0.526001   2.95992   3.67887            -0.430    -3.750    -0.790         8
6  0.052800   2.64953   0.27504            -2.540     1.020     0.140         1
7  0.052800   2.64953   0.27504            -2.500     0.670    -1.600         1
8  0.052800   2.64953   0.27504            -1.350     1.830    -0.900         1
9  0.121100   2.59964   0.26278             0.000     0.000     0.000         1
10  0.149700   2.59964   0.26278            -2.150    -1.810    -1.280         1
11 -0.011000   2.51055   0.26278             0.700    -2.240    -0.030         1
