mobley_1019269	-13.532384	-19.76264	#systeme  DGsolv_calc  DGsolv_expt (kJ/mol)
15
#    charge    sigma(Ang)  epsilon(kJ/mol)  x         y         z        Zatomic
1 -0.091700   3.39967   1.91652             0.390    -1.020    -0.090         6
2 -0.079400   3.39967   1.91652            -0.580    -2.020     0.520         6
3 -0.085400   3.39967   1.91652            -1.930    -1.990    -0.190         6
4  0.132600   3.39967   1.91652            -2.900    -3.000     0.410         6
5 -0.603001   3.06647   3.68587            -4.140    -2.920    -0.290         8
6  0.034600   2.64953   0.27504             1.360    -1.050     0.430         1
7  0.034600   2.64953   0.27504             0.560    -1.230    -1.150         1
8  0.034600   2.64953   0.27504            -0.010    -0.010     0.000         1
9  0.037800   2.64953   0.27504            -0.150    -3.030     0.450         1
10  0.037800   2.64953   0.27504            -0.710    -1.800     1.590         1
11  0.054800   2.64953   0.27504            -2.370    -0.990    -0.130         1
12  0.054800   2.64953   0.27504            -1.800    -2.210    -1.260         1
13  0.019900   2.47135   0.27504            -2.520    -4.020     0.330         1
14  0.019900   2.47135   0.27504            -3.090    -2.770     1.470         1
15  0.398100   0.00000   0.00000            -4.730    -3.570     0.120         1
