mobley_9121449	1.189108	-0.66992	#systeme  DGsolv_calc  DGsolv_expt (kJ/mol)
10
#    charge    sigma(Ang)  epsilon(kJ/mol)  x         y         z        Zatomic
1 -0.089700   3.39967   1.91652             1.030     0.270     0.250         6
2 -0.004200   3.39967   1.91652             1.470    -0.350     1.560         6
3 -0.139100   3.39967   3.67887             1.400    -1.820     1.500         6
4 -0.162800   3.39967   3.67887             1.340    -3.020     1.450         6
5  0.039200   2.64953   0.27504             1.080     1.370     0.290         1
6  0.039200   2.64953   0.27504             0.000    -0.000    -0.000         1
7  0.039200   2.64953   0.27504             1.680    -0.060    -0.570         1
8  0.057500   2.64953   0.27504             0.830     0.010     2.370         1
9  0.057500   2.64953   0.27504             2.490    -0.040     1.790         1
10  0.163200   2.59964   0.26278             1.300    -4.080     1.410         1
