mobley_5449201	11.191851	9.6301	#systeme  DGsolv_calc  DGsolv_expt (kJ/mol)
17
#    charge    sigma(Ang)  epsilon(kJ/mol)  x         y         z        Zatomic
1 -0.092000   3.39967   1.91652            -0.510     0.900    -0.340         6
2 -0.079500   3.39967   1.91652            -0.570     0.950    -1.860         6
3 -0.079000   3.39967   1.91652             0.830     0.950    -2.480         6
4 -0.079500   3.39967   1.91652             0.770     1.000    -4.010         6
5 -0.092000   3.39967   1.91652             2.150     1.000    -4.620         6
6  0.032400   2.64953   0.27504            -1.520     0.900     0.090         1
7  0.032400   2.64953   0.27504             0.030     1.770     0.050         1
8  0.032400   2.64953   0.27504             0.000    -0.010    -0.010         1
9  0.037700   2.64953   0.27504            -1.140     0.090    -2.230         1
10  0.037700   2.64953   0.27504            -1.110     1.850    -2.170         1
11  0.038400   2.64953   0.27504             1.370     0.050    -2.160         1
12  0.038400   2.64953   0.27504             1.390     1.820    -2.110         1
13  0.037700   2.64953   0.27504             0.210     0.140    -4.380         1
14  0.037700   2.64953   0.27504             0.230     1.900    -4.330         1
15  0.032400   2.64953   0.27504             2.100     1.030    -5.710         1
16  0.032400   2.64953   0.27504             2.700     0.090    -4.340         1
17  0.032400   2.64953   0.27504             2.740     1.860    -4.280         1
