mobley_8514745	-10.739655	-10.50937	#systeme  DGsolv_calc  DGsolv_expt (kJ/mol)
23
#    charge    sigma(Ang)  epsilon(kJ/mol)  x         y         z        Zatomic
1 -0.094000   3.39967   1.91652             0.790    -0.390     0.650         6
2 -0.082200   3.39967   1.91652             1.620    -1.440    -0.070         6
3 -0.072700   3.39967   1.91652             2.290    -0.870    -1.320         6
4 -0.109100   3.39967   1.91652             3.120    -1.930    -2.040         6
5  0.139100   3.39967   1.91652             3.800    -1.370    -3.280         6
6 -0.461400   3.00001   2.97813             4.550    -2.400    -3.900         8
7  0.637401   3.39967   1.50658             5.230    -2.050    -5.030         6
8 -0.521001   2.95992   3.67887             5.230    -0.940    -5.550         8
9 -0.158600   3.39967   1.91652             5.970    -3.230    -5.570         6
10  0.034600   2.64953   0.27504             0.310    -0.810     1.540         1
11  0.034600   2.64953   0.27504             1.410     0.460     0.960         1
12  0.034600   2.64953   0.27504             0.010    -0.010    -0.010         1
13  0.038500   2.64953   0.27504             0.970    -2.280    -0.350         1
14  0.038500   2.64953   0.27504             2.380    -1.830     0.620         1
15  0.043100   2.64953   0.27504             1.530    -0.470    -2.000         1
16  0.043100   2.64953   0.27504             2.940    -0.030    -1.030         1
17  0.047100   2.64953   0.27504             2.490    -2.780    -2.320         1
18  0.047100   2.64953   0.27504             3.890    -2.340    -1.360         1
19  0.068000   2.47135   0.27504             4.480    -0.550    -3.010         1
20  0.068000   2.47135   0.27504             3.060    -1.000    -3.990         1
21  0.075100   2.64953   0.27504             5.340    -3.780    -6.270         1
22  0.075100   2.64953   0.27504             6.290    -3.870    -4.750         1
23  0.075100   2.64953   0.27504             6.860    -2.880    -6.110         1
