mobley_9534740	-75.763765	-106.64289	#systeme  DGsolv_calc  DGsolv_expt (kJ/mol)
24
#    charge    sigma(Ang)  epsilon(kJ/mol)  x         y         z        Zatomic
1  0.135500   3.39967   1.91652             0.720     1.280    -2.310         6
2  0.147100   3.39967   1.91652            -0.060    -0.020    -2.170         6
3  0.070000   2.47135   0.27504            -0.810    -0.040    -2.970         1
4  0.120700   3.39967   1.91652            -0.740    -0.130    -0.800         6
5  0.063600   2.47135   0.27504            -0.000    -0.000     0.000         1
6  0.106700   3.39967   1.91652            -1.420    -1.490    -0.640         6
7  0.065900   2.47135   0.27504            -2.340    -1.530    -1.240         1
8  0.086400   3.39967   1.91652            -0.480    -2.630    -1.020         6
9  0.075500   2.47135   0.27504             0.260    -2.780    -0.220         1
10  0.306100   3.39967   1.91652             0.200    -2.370    -2.360         6
11  0.052100   2.29317   0.27504            -0.520    -2.420    -3.180         1
12 -0.436100   3.00001   2.97813             0.850    -1.100    -2.350         8
13 -0.601801   3.06647   3.68587             1.170    -3.410    -2.570         8
14 -0.604101   3.06647   3.68587            -1.240    -3.840    -1.100         8
15 -0.607101   3.06647   3.68587            -1.820    -1.640     0.720         8
16 -0.598001   3.06647   3.68587            -1.710     0.900    -0.670         8
17 -0.593701   3.06647   3.68587             1.350     1.300    -3.580         8
18  0.047100   2.47135   0.27504             1.490     1.340    -1.530         1
19  0.047100   2.47135   0.27504             0.060     2.140    -2.220         1
20  0.434300   0.00000   0.00000             1.590    -3.220    -3.420         1
21  0.426300   0.00000   0.00000            -0.620    -4.540    -1.330         1
22  0.427000   0.00000   0.00000            -2.250    -2.500     0.790         1
23  0.425700   0.00000   0.00000            -2.110     0.790     0.210         1
24  0.403700   0.00000   0.00000             1.840     2.140    -3.630         1
