mobley_1424265	-2.918339	-3.47521	#systeme  DGsolv_calc  DGsolv_expt (kJ/mol)
18
#    charge    sigma(Ang)  epsilon(kJ/mol)  x         y         z        Zatomic
1 -0.053600   3.39967   1.91652             1.930    -1.010    -1.600         6
2 -0.073900   3.39967   1.50658             1.890    -1.040    -0.110         6
3 -0.135200   3.39967   1.50658             2.920    -1.630     0.610         6
4 -0.123700   3.39967   1.50658             2.880    -1.650     2.000         6
5 -0.135200   3.39967   1.50658             1.800    -1.080     2.680         6
6 -0.073900   3.39967   1.50658             0.760    -0.480     1.960         6
7 -0.130900   3.39967   1.50658             0.810    -0.460     0.560         6
8 -0.053600   3.39967   1.91652            -0.390     0.130     2.680         6
9  0.043500   2.64953   0.27504             2.440    -0.110    -1.950         1
10  0.043500   2.64953   0.27504             2.460    -1.890    -1.990         1
11  0.043500   2.64953   0.27504             0.920    -1.030    -2.030         1
12  0.129700   2.59964   0.26278             3.770    -2.080     0.090         1
13  0.129600   2.59964   0.26278             3.690    -2.110     2.560         1
14  0.129700   2.59964   0.26278             1.770    -1.100     3.760         1
15  0.130000   2.59964   0.26278            -0.000    -0.000    -0.000         1
16  0.043500   2.64953   0.27504            -0.190     1.190     2.890         1
17  0.043500   2.64953   0.27504            -1.310     0.060     2.080         1
18  0.043500   2.64953   0.27504            -0.580    -0.390     3.630         1
