mobley_6309289	-16.216251	-21.39557	#systeme  DGsolv_calc  DGsolv_expt (kJ/mol)
17
#    charge    sigma(Ang)  epsilon(kJ/mol)  x         y         z        Zatomic
1 -0.076900   3.39967   1.91652             0.580     0.040    -1.370         6
2 -0.076300   3.39967   1.91652             0.480     1.290    -0.500         6
3  0.160300   3.39967   1.91652            -0.660     1.170     0.510         6
4 -0.814001   3.25000   2.97813            -0.530    -0.040     1.340         7
5  0.160300   3.39967   1.91652            -0.510    -1.240     0.510         6
6 -0.076300   3.39967   1.91652             0.640    -1.220    -0.500         6
7  0.038700   2.64953   0.27504             1.470     0.100    -2.010         1
8  0.038700   2.64953   0.27504            -0.290    -0.020    -2.030         1
9  0.045900   2.64953   0.27504             1.430     1.440     0.040         1
10  0.045900   2.64953   0.27504             0.330     2.170    -1.130         1
11  0.025800   2.47135   0.27504            -0.660     2.050     1.170         1
12  0.025800   2.47135   0.27504            -1.630     1.160    -0.000         1
13  0.358700   1.06908   0.27504            -1.320    -0.090     1.980         1
14  0.025800   2.47135   0.27504            -0.400    -2.120     1.160         1
15  0.025800   2.47135   0.27504            -1.470    -1.360    -0.010         1
16  0.045900   2.64953   0.27504             1.600    -1.250     0.030         1
17  0.045900   2.64953   0.27504             0.590    -2.110    -1.140         1
