mobley_6195751	-41.225202	-36.34316	#systeme  DGsolv_calc  DGsolv_expt (kJ/mol)
23
#    charge    sigma(Ang)  epsilon(kJ/mol)  x         y         z        Zatomic
1  0.110400   3.39967   1.91652             2.590     0.090    -2.080         6
2 -0.325300   3.00001   2.97813             1.950    -1.030    -1.480         8
3  0.039600   3.39967   1.50658             1.890    -1.040    -0.110         6
4  0.137100   3.39967   1.50658             2.920    -1.630     0.610         6
5  0.039600   3.39967   1.50658             2.880    -1.650     2.000         6
6  0.066000   3.39967   1.50658             1.800    -1.080     2.680         6
7 -0.197300   3.39967   1.50658             0.760    -0.480     1.960         6
8  0.066000   3.39967   1.50658             0.810    -0.460     0.560         6
9 -0.047200   3.47094   4.64238            -0.470     0.270    -0.350        18
10  0.585601   3.39967   1.50658            -0.370     0.120     2.660         6
11 -0.492000   2.95992   3.67887            -0.660     1.310     2.560         8
12 -0.047200   3.47094   4.64238             1.770    -1.110     4.410        18
13 -0.325300   3.00001   2.97813             3.900    -2.240     2.690         8
14  0.110400   3.39967   1.91652             5.000    -1.410     3.050         6
15 -0.471100   3.06647   3.68587             3.980    -2.190    -0.050         8
16  0.048400   2.47135   0.27504             2.570    -0.020    -3.170         1
17  0.048400   2.47135   0.27504             3.620     0.150    -1.730         1
18  0.048400   2.47135   0.27504             2.050     1.000    -1.800         1
19  0.020400   2.51055   0.26278            -0.970    -0.550     3.310         1
20  0.048400   2.47135   0.27504             5.740    -2.000     3.590         1
21  0.048400   2.47135   0.27504             4.640    -0.590     3.670         1
22  0.048400   2.47135   0.27504             5.440    -1.000     2.140         1
23  0.439900   0.00000   0.00000             3.860    -2.100    -1.010         1
