mobley_2198613	3.244925	-2.63781	#systeme  DGsolv_calc  DGsolv_expt (kJ/mol)
8
#    charge    sigma(Ang)  epsilon(kJ/mol)  x         y         z        Zatomic
1 -0.106700   3.39967   1.91652             0.150    -0.720     0.810         6
2  0.038500   3.39967   1.91652             1.370    -0.370     1.640         6
3 -0.202400   3.47094   4.64238             2.830    -0.360     0.630        18
4  0.048600   2.64953   0.27504            -0.740    -0.730     1.430         1
5  0.048600   2.64953   0.27504            -0.000     0.000     0.000         1
6  0.048600   2.64953   0.27504             0.260    -1.720     0.360         1
7  0.062400   2.47135   0.27504             1.510    -1.100     2.440         1
8  0.062400   2.47135   0.27504             1.260     0.620     2.080         1
