mobley_3690931	-11.530998	-9.54636	#systeme  DGsolv_calc  DGsolv_expt (kJ/mol)
23
#    charge    sigma(Ang)  epsilon(kJ/mol)  x         y         z        Zatomic
1 -0.093900   3.39967   1.91652            -0.380    -0.700     0.750         6
2 -0.079200   3.39967   1.91652             0.400    -0.580     2.050         6
3 -0.133000   3.39967   1.91652             1.890    -0.890     1.840         6
4  0.634901   3.39967   1.50658             2.680    -0.770     3.120         6
5 -0.533601   2.95992   3.67887             2.210    -0.470     4.210         8
6 -0.448100   3.00001   2.97813             3.990    -1.060     2.860         8
7  0.133400   3.39967   1.91652             4.870    -0.990     3.990         6
8 -0.109000   3.39967   1.91652             6.270    -1.340     3.530         6
9 -0.092300   3.39967   1.91652             7.260    -1.280     4.670         6
10  0.038000   2.64953   0.27504            -1.440    -0.480     0.930         1
11  0.038000   2.64953   0.27504            -0.000    -0.000     0.000         1
12  0.038000   2.64953   0.27504            -0.310    -1.720     0.340         1
13  0.052900   2.64953   0.27504            -0.020    -1.270     2.790         1
14  0.052900   2.64953   0.27504             0.280     0.430     2.460         1
15  0.077500   2.64953   0.27504             2.310    -0.180     1.120         1
16  0.077500   2.64953   0.27504             2.000    -1.910     1.460         1
17  0.067900   2.47135   0.27504             4.510    -1.700     4.740         1
18  0.067900   2.47135   0.27504             4.820     0.020     4.400         1
19  0.049600   2.64953   0.27504             6.280    -2.330     3.070         1
20  0.049600   2.64953   0.27504             6.580    -0.640     2.730         1
21  0.037000   2.64953   0.27504             8.270    -1.530     4.330         1
22  0.037000   2.64953   0.27504             7.290    -0.280     5.110         1
23  0.037000   2.64953   0.27504             6.990    -1.990     5.460         1
