mobley_3211679	4.919725	0.58618	#systeme  DGsolv_calc  DGsolv_expt (kJ/mol)
16
#    charge    sigma(Ang)  epsilon(kJ/mol)  x         y         z        Zatomic
1 -0.075500   3.39967   1.91652            -0.770    -1.240    -0.160         6
2 -0.075500   3.39967   1.91652             0.690    -1.260     0.300         6
3 -0.048600   3.39967   1.91652             1.470    -0.060    -0.260         6
4 -0.168100   3.39967   1.50658             0.690     1.230    -0.190         6
5 -0.168100   3.39967   1.50658            -0.620     1.280     0.060         6
6 -0.048600   3.39967   1.91652            -1.470     0.050     0.260         6
7  0.040200   2.64953   0.27504            -1.300    -2.100     0.250         1
8  0.040200   2.64953   0.27504            -0.800    -1.330    -1.260         1
9  0.040200   2.64953   0.27504             0.720    -1.240     1.390         1
10  0.040200   2.64953   0.27504             1.170    -2.190    -0.020         1
11  0.045900   2.64953   0.27504             2.400     0.050     0.290         1
12  0.045900   2.64953   0.27504             1.730    -0.250    -1.310         1
13  0.120000   2.59964   0.26278             1.240     2.150    -0.350         1
14  0.120000   2.59964   0.26278            -1.110     2.240     0.120         1
15  0.045900   2.64953   0.27504            -1.740    -0.000     1.320         1
16  0.045900   2.64953   0.27504            -2.400     0.160    -0.300         1
