mobley_5600967	-40.299875	-46.09887	#systeme  DGsolv_calc  DGsolv_expt (kJ/mol)
26
#    charge    sigma(Ang)  epsilon(kJ/mol)  x         y         z        Zatomic
1  0.082800   3.39967   1.91652             1.080    -0.150    -0.220         6
2 -0.481800   3.25000   2.97813             1.520     0.530    -1.430         7
3  0.082800   3.39967   1.91652             1.060    -0.060    -2.690         6
4  0.675601   3.39967   1.50658             2.320     1.670    -1.320         6
5 -0.594101   2.95992   3.67887             2.710     2.170    -0.270         8
6 -0.164500   3.39967   1.50658             2.770     2.330    -2.560         6
7 -0.066600   3.39967   1.50658             3.960     1.940    -3.170         6
8 -0.184200   3.39967   1.50658             4.380     2.570    -4.340         6
9  0.136400   3.39967   1.50658             3.610     3.580    -4.910         6
10 -0.184200   3.39967   1.50658             2.410     3.960    -4.300         6
11 -0.066600   3.39967   1.50658             1.990     3.340    -3.130         6
12 -0.324500   3.00001   2.97813             4.020     4.190    -6.060         8
13  0.111500   3.39967   1.91652             5.250     3.750    -6.620         6
14  0.042300   2.47135   0.27504             1.800    -0.920     0.060         1
15  0.042300   2.47135   0.27504             0.110    -0.630    -0.380         1
16  0.042300   2.47135   0.27504             0.990     0.560     0.600         1
17  0.042300   2.47135   0.27504             0.110     0.390    -2.960         1
18  0.042300   2.47135   0.27504             0.940    -1.130    -2.550         1
19  0.042300   2.47135   0.27504             1.800     0.140    -3.460         1
20  0.144100   2.59964   0.26278             4.580     1.160    -2.730         1
21  0.147500   2.59964   0.26278             5.320     2.260    -4.810         1
22  0.147500   2.59964   0.26278             1.800     4.750    -4.740         1
23  0.144100   2.59964   0.26278             1.060     3.640    -2.670         1
24  0.046800   2.47135   0.27504             5.450     4.320    -7.530         1
25  0.046800   2.47135   0.27504             5.170     2.680    -6.850         1
26  0.046800   2.47135   0.27504             6.040     3.920    -5.900         1
