mobley_2341732	-14.621004	-10.71872	#systeme  DGsolv_calc  DGsolv_expt (kJ/mol)
20
#    charge    sigma(Ang)  epsilon(kJ/mol)  x         y         z        Zatomic
1 -0.092200   3.39967   1.91652            -0.510     0.910     0.340         6
2 -0.085300   3.39967   1.91652            -0.570     0.960     1.860         6
3 -0.075400   3.39967   1.91652             0.820     0.960     2.480         6
4 -0.127200   3.39967   1.91652             0.760     1.010     4.000         6
5  0.631801   3.39967   1.50658             2.130     1.010     4.630         6
6 -0.542701   2.95992   3.67887             3.190     0.980     4.020         8
7 -0.444900   3.00001   2.97813             2.000     1.050     5.990         8
8  0.128100   3.39967   1.91652             3.220     1.060     6.730         6
9  0.034500   2.64953   0.27504            -1.510     0.910    -0.090         1
10  0.034500   2.64953   0.27504             0.040     1.770    -0.060         1
11  0.034500   2.64953   0.27504             0.000    -0.000     0.010         1
12  0.044300   2.64953   0.27504            -1.120     1.860     2.170         1
13  0.044300   2.64953   0.27504            -1.140     0.090     2.220         1
14  0.055000   2.64953   0.27504             1.390     1.820     2.110         1
15  0.055000   2.64953   0.27504             1.370     0.060     2.160         1
16  0.077700   2.64953   0.27504             0.210     0.140     4.380         1
17  0.077700   2.64953   0.27504             0.230     1.920     4.320         1
18  0.050100   2.47135   0.27504             2.980     1.100     7.790         1
19  0.050100   2.47135   0.27504             3.800     1.930     6.440         1
20  0.050100   2.47135   0.27504             3.760     0.150     6.500         1
