mobley_252413	11.246282	12.05856	#systeme  DGsolv_calc  DGsolv_expt (kJ/mol)
23
#    charge    sigma(Ang)  epsilon(kJ/mol)  x         y         z        Zatomic
1 -0.092300   3.39967   1.91652            -2.910    -1.410     0.020         6
2 -0.080000   3.39967   1.91652            -1.410    -1.550     0.170         6
3 -0.069200   3.39967   1.91652            -0.720    -0.180     0.250         6
4 -0.055500   3.39967   1.91652             0.820    -0.210     0.410         6
5 -0.085500   3.39967   1.91652             1.490    -0.930    -0.770         6
6 -0.085500   3.39967   1.91652             1.390     1.210     0.530         6
7 -0.085500   3.39967   1.91652             1.150    -0.980     1.710         6
8  0.031900   2.64953   0.27504            -3.400    -2.380    -0.040         1
9  0.031900   2.64953   0.27504            -3.330    -0.870     0.870         1
10  0.031900   2.64953   0.27504            -3.160    -0.850    -0.890         1
11  0.039500   2.64953   0.27504            -1.210    -2.130     1.080         1
12  0.039500   2.64953   0.27504            -1.020    -2.130    -0.680         1
13  0.038200   2.64953   0.27504            -1.160     0.380     1.090         1
14  0.038200   2.64953   0.27504            -0.970     0.380    -0.660         1
15  0.033600   2.64953   0.27504             2.580    -0.950    -0.650         1
16  0.033600   2.64953   0.27504             1.150    -1.970    -0.860         1
17  0.033600   2.64953   0.27504             1.270    -0.430    -1.710         1
18  0.033600   2.64953   0.27504             2.480     1.190     0.650         1
19  0.033600   2.64953   0.27504             0.980     1.730     1.400         1
20  0.033600   2.64953   0.27504             1.180     1.810    -0.360         1
21  0.033600   2.64953   0.27504             2.240    -1.030     1.870         1
22  0.033600   2.64953   0.27504             0.710    -0.500     2.590         1
23  0.033600   2.64953   0.27504             0.780    -2.010     1.670         1
