mobley_486214	-30.954491	-29.14152	#systeme  DGsolv_calc  DGsolv_expt (kJ/mol)
21
#    charge    sigma(Ang)  epsilon(kJ/mol)  x         y         z        Zatomic
1  0.120600   3.39967   1.91652             1.350    -2.130    -2.150         6
2 -0.339800   3.00001   2.97813             1.940    -1.020    -1.470         8
3  0.066300   3.39967   1.50658             1.890    -1.040    -0.110         6
4 -0.154100   3.39967   1.50658             2.920    -1.630     0.610         6
5 -0.125900   3.39967   1.50658             2.880    -1.650     2.000         6
6 -0.154100   3.39967   1.50658             1.800    -1.080     2.680         6
7  0.066300   3.39967   1.50658             0.760    -0.480     1.960         6
8  0.101900   3.39967   1.50658             0.810    -0.460     0.560         6
9 -0.480600   3.06647   3.68587            -0.210     0.120    -0.140         8
10 -0.339800   3.00001   2.97813            -0.280     0.070     2.630         8
11  0.120600   3.39967   1.91652            -0.250     0.010     4.050         6
12  0.043300   2.47135   0.27504             1.460    -2.000    -3.230         1
13  0.043300   2.47135   0.27504             0.290    -2.200    -1.890         1
14  0.043300   2.47135   0.27504             1.860    -3.040    -1.840         1
15  0.143400   2.59964   0.26278             3.760    -2.080     0.090         1
16  0.137400   2.59964   0.26278             3.690    -2.120     2.560         1
17  0.143400   2.59964   0.26278             1.770    -1.100     3.760         1
18  0.434600   0.00000   0.00000            -0.880     0.470     0.460         1
19  0.043300   2.47135   0.27504            -1.140     0.490     4.450         1
20  0.043300   2.47135   0.27504             0.650     0.510     4.410         1
21  0.043300   2.47135   0.27504            -0.230    -1.040     4.350         1
