mobley_9112978	9.939938	5.48497	#systeme  DGsolv_calc  DGsolv_expt (kJ/mol)
15
#    charge    sigma(Ang)  epsilon(kJ/mol)  x         y         z        Zatomic
1 -0.087900   3.39967   1.91652             2.030     2.280    -0.250         6
2 -0.052900   3.39967   1.91652             1.070     1.760     0.810         6
3 -0.170500   3.39967   1.50658             0.830     0.290     0.650         6
4 -0.168700   3.39967   1.50658             1.560    -0.660     1.240         6
5 -0.067300   3.39967   1.91652             2.730    -0.380     2.130         6
6  0.034000   2.64953   0.27504             2.200     3.350    -0.110         1
7  0.034000   2.64953   0.27504             1.630     2.130    -1.260         1
8  0.034000   2.64953   0.27504             3.000     1.780    -0.190         1
9  0.043000   2.64953   0.27504             1.500     1.940     1.800         1
10  0.043000   2.64953   0.27504             0.140     2.330     0.760         1
11  0.119500   2.59964   0.26278             0.000     0.000     0.000         1
12  0.117100   2.59964   0.26278             1.330    -1.710     1.070         1
13  0.040900   2.64953   0.27504             2.390    -0.290     3.170         1
14  0.040900   2.64953   0.27504             3.240     0.550     1.860         1
15  0.040900   2.64953   0.27504             3.450    -1.200     2.070         1
