mobley_7106722	11.757096	10.50937	#systeme  DGsolv_calc  DGsolv_expt (kJ/mol)
20
#    charge    sigma(Ang)  epsilon(kJ/mol)  x         y         z        Zatomic
1 -0.092000   3.39967   1.91652             0.750    -0.260    -0.610         6
2 -0.080800   3.39967   1.91652             0.840     0.460    -1.950         6
3 -0.074500   3.39967   1.91652             0.830     1.980    -1.760         6
4 -0.067700   3.39967   1.91652             0.920     2.760    -3.090         6
5 -0.090100   3.39967   1.91652             2.220     2.400    -3.810         6
6 -0.090100   3.39967   1.91652             0.850     4.270    -2.890         6
7  0.032400   2.64953   0.27504             0.760    -1.340    -0.740         1
8  0.032400   2.64953   0.27504             1.590     0.020     0.040         1
9  0.032400   2.64953   0.27504            -0.180     0.010    -0.100         1
10  0.038900   2.64953   0.27504             1.760     0.150    -2.450         1
11  0.038900   2.64953   0.27504             0.000     0.140    -2.570         1
12  0.038800   2.64953   0.27504            -0.080     2.280    -1.220         1
13  0.038800   2.64953   0.27504             1.680     2.270    -1.130         1
14  0.044600   2.64953   0.27504             0.090     2.460    -3.730         1
15  0.033000   2.64953   0.27504             2.310     2.940    -4.760         1
16  0.033000   2.64953   0.27504             2.270     1.330    -4.030         1
17  0.033000   2.64953   0.27504             3.090     2.660    -3.200         1
18  0.033000   2.64953   0.27504             0.920     4.800    -3.840         1
19  0.033000   2.64953   0.27504            -0.100     4.550    -2.410         1
20  0.033000   2.64953   0.27504             1.650     4.630    -2.240         1
