mobley_646007	-17.911986	-22.94476	#systeme  DGsolv_calc  DGsolv_expt (kJ/mol)
14
#    charge    sigma(Ang)  epsilon(kJ/mol)  x         y         z        Zatomic
1 -0.085700   3.39967   1.91652             0.260     0.470     1.160         6
2 -0.085700   3.39967   1.91652             0.010     1.270    -0.120         6
3  0.150400   3.39967   1.91652            -0.420     0.240    -1.150         6
4 -0.812301   3.25000   2.97813             0.170    -1.000    -0.670         7
5  0.150400   3.39967   1.91652            -0.020    -0.980     0.780         6
6  0.046700   2.64953   0.27504            -0.370     0.800     1.980         1
7  0.046700   2.64953   0.27504             1.310     0.590     1.470         1
8  0.046700   2.64953   0.27504            -0.760     2.030     0.030         1
9  0.046700   2.64953   0.27504             0.930     1.770    -0.430         1
10  0.034500   2.47135   0.27504            -1.510     0.160    -1.180         1
11  0.034500   2.47135   0.27504            -0.070     0.500    -2.150         1
12  0.358100   1.06908   0.27504            -0.300    -1.810    -1.080         1
13  0.034500   2.47135   0.27504            -1.060    -1.240     1.030         1
14  0.034500   2.47135   0.27504             0.650    -1.670     1.290         1
