mobley_1674094	2.315411	1.21423	#systeme  DGsolv_calc  DGsolv_expt (kJ/mol)
16
#    charge    sigma(Ang)  epsilon(kJ/mol)  x         y         z        Zatomic
1 -0.093200   3.39967   1.91652            -1.870    -1.160     1.150         6
2 -0.081400   3.39967   1.91652            -0.390    -0.820     1.010         6
3 -0.076700   3.39967   1.91652            -0.140     0.110    -0.180         6
4 -0.002700   3.39967   1.91652             1.340     0.450    -0.320         6
5 -0.137800   3.39967   3.67887             1.570     1.340    -1.460         6
6 -0.162900   3.39967   3.67887             1.760     2.070    -2.400         6
7  0.034000   2.64953   0.27504            -2.020    -1.820     2.010         1
8  0.034000   2.64953   0.27504            -2.240    -1.670     0.260         1
9  0.034000   2.64953   0.27504            -2.470    -0.260     1.310         1
10  0.039100   2.64953   0.27504            -0.040    -0.340     1.940         1
11  0.039100   2.64953   0.27504             0.180    -1.740     0.890         1
12  0.047500   2.64953   0.27504            -0.500    -0.370    -1.100         1
13  0.047500   2.64953   0.27504            -0.730     1.030    -0.050         1
14  0.058200   2.64953   0.27504             1.920    -0.470    -0.440         1
15  0.058200   2.64953   0.27504             1.700     0.940     0.600         1
16  0.163100   2.59964   0.26278             1.940     2.720    -3.230         1
