mobley_8861672	-13.741734	-20.34882	#systeme  DGsolv_calc  DGsolv_expt (kJ/mol)
17
#    charge    sigma(Ang)  epsilon(kJ/mol)  x         y         z        Zatomic
1 -0.062000   3.39967   1.91652             2.350     0.900     1.040         6
2 -0.034900   3.39967   1.50658             1.390    -0.070     1.650         6
3 -0.256000   3.39967   1.50658             0.230    -0.420     0.970         6
4  0.403000   3.39967   1.50658            -0.630    -1.320     1.580         6
5 -0.673301   3.25000   2.97813            -0.410    -1.880     2.790         7
6  0.415300   3.39967   1.50658             0.730    -1.520     3.420         6
7 -0.251600   3.39967   1.50658             1.650    -0.620     2.900         6
8 -0.149900   3.39967   1.91652             0.980    -2.130     4.760         6
9  0.049100   2.64953   0.27504             3.080     0.360     0.440         1
10  0.049100   2.64953   0.27504             1.820     1.620     0.410         1
11  0.049100   2.64953   0.27504             2.870     1.470     1.820         1
12  0.142400   2.59964   0.26278            -0.010    -0.010    -0.000         1
13  0.019800   2.51055   0.26278            -1.550    -1.630     1.090         1
14  0.141200   2.59964   0.26278             2.550    -0.360     3.450         1
15  0.052900   2.64953   0.27504             1.540    -3.060     4.650         1
16  0.052900   2.64953   0.27504             1.550    -1.450     5.410         1
17  0.052900   2.64953   0.27504             0.040    -2.350     5.280         1
