mobley_2492140	0.247033	-5.15001	#systeme  DGsolv_calc  DGsolv_expt (kJ/mol)
8
#    charge    sigma(Ang)  epsilon(kJ/mol)  x         y         z        Zatomic
1  0.117500   3.39967   1.91652            -0.490     0.400    -0.480         6
2  0.228200   3.39967   1.91652             0.450    -0.470     0.380         6
3 -0.088300   3.47094   4.64238             1.860    -1.010    -0.600        18
4 -0.088300   3.47094   4.64238            -0.400    -1.960     0.930        18
5 -0.088300   3.47094   4.64238             1.060     0.390     1.830        18
6 -0.102400   3.47094   4.64238            -1.930     0.970     0.440        18
7 -0.102400   3.47094   4.64238             0.330     1.840    -1.170        18
8  0.124000   2.29317   0.27504            -0.880    -0.170    -1.330         1
