mobley_5157661	10.614045	9.6301	#systeme  DGsolv_calc  DGsolv_expt (kJ/mol)
14
#    charge    sigma(Ang)  epsilon(kJ/mol)  x         y         z        Zatomic
1 -0.089667   3.39967   1.91652             0.660    -0.380    -0.790         6
2 -0.070500   3.39967   1.91652             0.100    -0.060    -2.170         6
3 -0.089667   3.39967   1.91652            -0.070     1.450    -2.340         6
4 -0.089667   3.39967   1.91652             1.000    -0.630    -3.260         6
5  0.032800   2.64953   0.27504             0.790    -1.460    -0.650         1
6  0.032800   2.64953   0.27504             1.640     0.100    -0.640         1
7  0.032800   2.64953   0.27504            -0.010    -0.010     0.000         1
8  0.044300   2.64953   0.27504            -0.890    -0.530    -2.260         1
9  0.032800   2.64953   0.27504            -0.470     1.690    -3.330         1
10  0.032800   2.64953   0.27504             0.890     1.960    -2.230         1
11  0.032800   2.64953   0.27504            -0.750     1.850    -1.590         1
12  0.032800   2.64953   0.27504             0.610    -0.410    -4.260         1
13  0.032800   2.64953   0.27504             1.090    -1.720    -3.160         1
14  0.032800   2.64953   0.27504             2.010    -0.210    -3.190         1
