mobley_6896128	12.68661	12.43539	#systeme  DGsolv_calc  DGsolv_expt (kJ/mol)
26
#    charge    sigma(Ang)  epsilon(kJ/mol)  x         y         z        Zatomic
1 -0.091500   3.39967   1.91652             0.140     0.860     0.460         6
2 -0.079800   3.39967   1.91652             0.180     0.730     1.970         6
3 -0.078700   3.39967   1.91652             1.350    -0.140     2.430         6
4 -0.074200   3.39967   1.91652             1.390    -0.260     3.960         6
5 -0.062500   3.39967   1.91652             2.550    -1.140     4.480         6
6  0.044900   2.64953   0.27504             2.440    -2.140     4.070         1
7 -0.090800   3.39967   1.91652             3.910    -0.590     4.050         6
8 -0.076600   3.39967   1.91652             2.440    -1.230     6.020         6
9 -0.092000   3.39967   1.91652             3.540    -2.070     6.660         6
10  0.032800   2.64953   0.27504            -0.700     1.480     0.140         1
11  0.032800   2.64953   0.27504             1.060     1.300     0.070         1
12  0.032800   2.64953   0.27504             0.020    -0.130    -0.000         1
13  0.037500   2.64953   0.27504             0.270     1.730     2.410         1
14  0.037500   2.64953   0.27504            -0.760     0.300     2.330         1
15  0.039100   2.64953   0.27504             1.250    -1.130     1.970         1
16  0.039100   2.64953   0.27504             2.290     0.290     2.070         1
17  0.037700   2.64953   0.27504             0.430    -0.660     4.310         1
18  0.037700   2.64953   0.27504             1.490     0.750     4.380         1
19  0.033900   2.64953   0.27504             4.730    -1.210     4.430         1
20  0.033900   2.64953   0.27504             3.990    -0.550     2.960         1
21  0.033900   2.64953   0.27504             4.080     0.420     4.440         1
22  0.037200   2.64953   0.27504             2.500    -0.220     6.450         1
23  0.037200   2.64953   0.27504             1.470    -1.640     6.310         1
24  0.032700   2.64953   0.27504             3.430    -2.120     7.750         1
25  0.032700   2.64953   0.27504             4.520    -1.640     6.450         1
26  0.032700   2.64953   0.27504             3.530    -3.100     6.270         1
