mobley_7150646	-4.568017	-9.6301	#systeme  DGsolv_calc  DGsolv_expt (kJ/mol)
12
#    charge    sigma(Ang)  epsilon(kJ/mol)  x         y         z        Zatomic
1 -0.104400   3.39967   1.50658             1.890    -1.040    -0.110         6
2 -0.104400   3.39967   1.50658             2.920    -1.630     0.610         6
3 -0.016900   3.39967   1.50658             2.880    -1.650     2.000         6
4 -0.104400   3.39967   1.50658             1.800    -1.080     2.680         6
5 -0.104400   3.39967   1.50658             0.760    -0.480     1.960         6
6 -0.016900   3.39967   1.50658             0.810    -0.460     0.560         6
7 -0.077900   3.59923   7.35773            -0.600     0.340    -0.420        40
8 -0.077900   3.59923   7.35773             4.280    -2.460     2.980        40
9  0.151800   2.59964   0.26278             1.930    -1.030    -1.200         1
10  0.151800   2.59964   0.26278             3.760    -2.070     0.070         1
11  0.151800   2.59964   0.26278             1.750    -1.090     3.760         1
12  0.151800   2.59964   0.26278            -0.070    -0.040     2.490         1
