mobley_5520946	-6.284687	-10.67685	#systeme  DGsolv_calc  DGsolv_expt (kJ/mol)
13
#    charge    sigma(Ang)  epsilon(kJ/mol)  x         y         z        Zatomic
1 -0.137100   3.39967   1.50658             1.890    -1.040    -0.110         6
2 -0.113100   3.39967   1.50658             2.920    -1.630     0.610         6
3 -0.132200   3.39967   1.50658             2.880    -1.650     2.000         6
4  0.017100   3.39967   1.50658             1.800    -1.080     2.680         6
5 -0.132200   3.39967   1.50658             0.760    -0.480     1.960         6
6 -0.113100   3.39967   1.50658             0.810    -0.460     0.560         6
7 -0.256100   3.56359   4.37960             1.750    -1.110     4.460        16
8  0.134200   2.59964   0.26278             1.920    -1.020    -1.200         1
9  0.133300   2.59964   0.26278             3.760    -2.080     0.080         1
10  0.136700   2.59964   0.26278             3.690    -2.120     2.550         1
11  0.136700   2.59964   0.26278            -0.090    -0.030     2.460         1
12  0.133300   2.59964   0.26278             0.000     0.000     0.000         1
13  0.192500   1.06908   0.27504             2.900    -1.750     4.650         1
