mobley_2371092	-13.402587	-21.85614	#systeme  DGsolv_calc  DGsolv_expt (kJ/mol)
17
#    charge    sigma(Ang)  epsilon(kJ/mol)  x         y         z        Zatomic
1 -0.062100   3.39967   1.91652             2.330     0.900     1.020         6
2 -0.038300   3.39967   1.50658             1.390    -0.070     1.650         6
3 -0.245300   3.39967   1.50658             0.230    -0.420     0.970         6
4  0.390500   3.39967   1.50658            -0.630    -1.320     1.580         6
5 -0.666701   3.25000   2.97813            -0.410    -1.880     2.790         7
6  0.394200   3.39967   1.50658             0.730    -1.520     3.420         6
7 -0.192300   3.39967   1.50658             1.650    -0.620     2.900         6
8 -0.049200   3.39967   1.91652             2.880    -0.280     3.670         6
9  0.049300   2.64953   0.27504             3.070     0.370     0.420         1
10  0.049300   2.64953   0.27504             1.800     1.610     0.390         1
11  0.049300   2.64953   0.27504             2.860     1.480     1.790         1
12  0.141800   2.59964   0.26278            -0.010    -0.010    -0.000         1
13  0.020800   2.51055   0.26278            -1.550    -1.630     1.090         1
14  0.019800   2.51055   0.26278             0.880    -1.980     4.390         1
15  0.046300   2.64953   0.27504             3.700    -0.970     3.420         1
16  0.046300   2.64953   0.27504             3.210     0.740     3.460         1
17  0.046300   2.64953   0.27504             2.700    -0.340     4.750         1
