mobley_6081058	-11.330022	-14.36141	#systeme  DGsolv_calc  DGsolv_expt (kJ/mol)
23
#    charge    sigma(Ang)  epsilon(kJ/mol)  x         y         z        Zatomic
1 -0.092100   3.39967   1.91652            -2.290    -0.680    -2.650         6
2 -0.079200   3.39967   1.91652            -0.850    -0.270    -2.340         6
3 -0.078400   3.39967   1.91652            -0.720     0.280    -0.920         6
4 -0.077500   3.39967   1.91652             0.730     0.680    -0.620         6
5 -0.063800   3.39967   1.91652             0.930     1.240     0.790         6
6 -0.087600   3.39967   1.50658             2.350     1.640     1.080         6
7 -0.274000   3.39967   1.50658             2.700     2.890     1.410         6
8  0.558401   3.39967   1.50658             4.120     3.180     1.690         6
9 -0.526201   2.95992   3.67887             4.510     4.300     2.000         8
10  0.034000   2.64953   0.27504            -2.380    -1.070    -3.670         1
11  0.034000   2.64953   0.27504            -2.950     0.180    -2.550         1
12  0.034000   2.64953   0.27504            -2.630    -1.450    -1.950         1
13  0.038800   2.64953   0.27504            -0.540     0.490    -3.070         1
14  0.038800   2.64953   0.27504            -0.200    -1.140    -2.470         1
15  0.040500   2.64953   0.27504            -1.380     1.140    -0.800         1
16  0.040500   2.64953   0.27504            -1.050    -0.490    -0.210         1
17  0.043100   2.64953   0.27504             1.400    -0.170    -0.780         1
18  0.043100   2.64953   0.27504             1.040     1.460    -1.340         1
19  0.056100   2.64953   0.27504             0.610     0.500     1.530         1
20  0.056100   2.64953   0.27504             0.260     2.100     0.920         1
21  0.121200   2.59964   0.26278             3.100     0.860     1.030         1
22  0.148100   2.59964   0.26278             1.990     3.700     1.480         1
23 -0.007900   2.51055   0.26278             4.820     2.330     1.600         1
