mobley_5852491	7.473795	6.65733	#systeme  DGsolv_calc  DGsolv_expt (kJ/mol)
18
#    charge    sigma(Ang)  epsilon(kJ/mol)  x         y         z        Zatomic
1 -0.084100   3.39967   1.91652             0.590    -1.190    -4.180         6
2 -0.071600   3.39967   1.91652             0.040    -1.000    -2.770         6
3 -0.077500   3.39967   1.91652             0.640     0.210    -2.060         6
4 -0.080700   3.39967   1.91652            -0.340     0.490    -0.920         6
5 -0.080700   3.39967   1.91652            -1.680    -0.110    -1.360         6
6 -0.077500   3.39967   1.91652            -1.450    -0.690    -2.750         6
7  0.033500   2.64953   0.27504             1.660    -1.410    -4.140         1
8  0.033500   2.64953   0.27504             0.090    -2.030    -4.670         1
9  0.033500   2.64953   0.27504             0.440    -0.290    -4.780         1
10  0.044400   2.64953   0.27504             0.240    -1.900    -2.180         1
11  0.042000   2.64953   0.27504             1.650     0.030    -1.690         1
12  0.042000   2.64953   0.27504             0.680     1.080    -2.730         1
13  0.039800   2.64953   0.27504             0.000     0.000     0.000         1
14  0.039800   2.64953   0.27504            -0.420     1.560    -0.710         1
15  0.039800   2.64953   0.27504            -1.980    -0.890    -0.660         1
16  0.039800   2.64953   0.27504            -2.480     0.650    -1.370         1
17  0.042000   2.64953   0.27504            -2.060    -1.580    -2.920         1
18  0.042000   2.64953   0.27504            -1.710     0.050    -3.510         1
