mobley_8449031	-8.185585	-13.48214	#systeme  DGsolv_calc  DGsolv_expt (kJ/mol)
22
#    charge    sigma(Ang)  epsilon(kJ/mol)  x         y         z        Zatomic
1 -0.095400   3.39967   1.91652            -1.090     0.860     1.590         6
2  0.160900   3.39967   1.91652            -0.270    -0.260     1.030         6
3 -0.720301   3.25000   2.97813             0.900    -0.520     1.860         7
4  0.160900   3.39967   1.91652             1.750     0.670     1.940         6
5 -0.095400   3.39967   1.91652             2.940     0.400     2.780         6
6  0.160900   3.39967   1.91652             1.660    -1.650     1.340         6
7 -0.095400   3.39967   1.91652             0.810    -2.870     1.320         6
8  0.037800   2.64953   0.27504            -1.960     1.060     0.960         1
9  0.037800   2.64953   0.27504            -1.410     0.640     2.610         1
10  0.037800   2.64953   0.27504            -0.490     1.780     1.620         1
11  0.030600   2.47135   0.27504             0.080    -0.010     0.030         1
12  0.030600   2.47135   0.27504            -0.860    -1.180     0.980         1
13  0.030600   2.47135   0.27504             2.030     0.910     0.920         1
14  0.030600   2.47135   0.27504             1.140     1.470     2.350         1
15  0.037800   2.64953   0.27504             3.590     1.280     2.850         1
16  0.037800   2.64953   0.27504             2.650     0.090     3.790         1
17  0.037800   2.64953   0.27504             3.520    -0.420     2.330         1
18  0.030600   2.47135   0.27504             1.980    -1.380     0.340         1
19  0.030600   2.47135   0.27504             2.520    -1.770     1.990         1
20  0.037800   2.64953   0.27504             1.360    -3.730     0.930         1
21  0.037800   2.64953   0.27504             0.430    -3.100     2.320         1
22  0.037800   2.64953   0.27504            -0.050    -2.690     0.670         1
