mobley_1803862	10.84433	9.96506	#systeme  DGsolv_calc  DGsolv_expt (kJ/mol)
17
#    charge    sigma(Ang)  epsilon(kJ/mol)  x         y         z        Zatomic
1 -0.091800   3.39967   1.91652            -0.230    -0.900    -0.690         6
2 -0.076100   3.39967   1.91652             0.430    -0.620    -2.030         6
3 -0.066500   3.39967   1.91652             1.950    -0.420    -1.940         6
4 -0.089900   3.39967   1.91652             2.670    -1.650    -1.370         6
5 -0.089900   3.39967   1.91652             2.520    -0.090    -3.320         6
6  0.032700   2.64953   0.27504            -1.310    -1.030    -0.830         1
7  0.032700   2.64953   0.27504            -0.070    -0.070     0.000         1
8  0.032700   2.64953   0.27504             0.160    -1.810    -0.230         1
9  0.037400   2.64953   0.27504             0.200    -1.440    -2.720         1
10  0.037400   2.64953   0.27504            -0.020     0.280    -2.460         1
11  0.044500   2.64953   0.27504             2.160     0.430    -1.280         1
12  0.032800   2.64953   0.27504             3.750    -1.490    -1.310         1
13  0.032800   2.64953   0.27504             2.490    -2.540    -1.990         1
14  0.032800   2.64953   0.27504             2.310    -1.880    -0.360         1
15  0.032800   2.64953   0.27504             3.610     0.060    -3.280         1
16  0.032800   2.64953   0.27504             2.070     0.830    -3.720         1
17  0.032800   2.64953   0.27504             2.310    -0.900    -4.030         1
