mobley_637522	-21.717969	-16.53865	#systeme  DGsolv_calc  DGsolv_expt (kJ/mol)
24
#    charge    sigma(Ang)  epsilon(kJ/mol)  x         y         z        Zatomic
1 -0.126600   3.39967   1.50658             1.160     1.790    -0.260         6
2 -0.126400   3.39967   1.50658            -0.030     1.070    -0.190         6
3 -0.117900   3.39967   1.50658            -1.250     1.720    -0.360         6
4 -0.033500   3.39967   1.50658            -1.310     3.100    -0.610         6
5 -0.106500   3.39967   1.50658            -2.530     3.760    -0.790         6
6 -0.033500   3.39967   1.50658            -2.580     5.140    -1.030         6
7 -0.117900   3.39967   1.50658            -3.810     5.810    -1.210         6
8 -0.126400   3.39967   1.50658            -3.840     7.180    -1.460         6
9 -0.126400   3.39967   1.50658            -2.660     7.910    -1.520         6
10 -0.117900   3.39967   1.50658            -1.430     7.260    -1.350         6
11 -0.033500   3.39967   1.50658            -1.380     5.880    -1.100         6
12 -0.106500   3.39967   1.50658            -0.150     5.220    -0.930         6
13 -0.033500   3.39967   1.50658            -0.100     3.830    -0.680         6
14 -0.117900   3.39967   1.50658             1.120     3.170    -0.500         6
15  0.132400   2.59964   0.26278             2.110     1.290    -0.120         1
16  0.132400   2.59964   0.26278             0.000     0.000    -0.000         1
17  0.131700   2.59964   0.26278            -2.170     1.130    -0.310         1
18  0.134000   2.59964   0.26278            -3.460     3.190    -0.730         1
19  0.131700   2.59964   0.26278            -4.750     5.260    -1.160         1
20  0.132400   2.59964   0.26278            -4.800     7.690    -1.590         1
21  0.132400   2.59964   0.26278            -2.680     8.980    -1.710         1
22  0.131700   2.59964   0.26278            -0.520     7.850    -1.410         1
23  0.134000   2.59964   0.26278             0.770     5.780    -0.980         1
24  0.131700   2.59964   0.26278             2.060     3.710    -0.550         1
