mobley_5347550	-2.868095	-4.68944	#systeme  DGsolv_calc  DGsolv_expt (kJ/mol)
12
#    charge    sigma(Ang)  epsilon(kJ/mol)  x         y         z        Zatomic
1  0.109100   3.39967   1.91652            -1.090     0.340    -1.590         6
2 -0.438900   3.00001   2.97813             0.080     0.490    -0.800         8
3  0.578601   3.39967   1.91652             0.040    -0.290     0.400         6
4  0.114600   3.39967   1.91652             1.310    -0.090     1.210         6
5 -0.099400   3.47094   4.64238             1.530     1.620     1.660        18
6 -0.099400   3.47094   4.64238             1.280    -1.100     2.680        18
7 -0.230500   3.11815   1.06862            -1.050     0.060     1.120        10
8 -0.230500   3.11815   1.06862            -0.090    -1.590     0.060        10
9  0.056600   2.47135   0.27504            -1.000     0.950    -2.490         1
10  0.056600   2.47135   0.27504            -1.960     0.650    -1.000         1
11  0.056600   2.47135   0.27504            -1.190    -0.710    -1.870         1
12  0.126600   2.29317   0.27504             2.190    -0.390     0.620         1
