mobley_6266306	-16.166007	-23.27972	#systeme  DGsolv_calc  DGsolv_expt (kJ/mol)
11
#    charge    sigma(Ang)  epsilon(kJ/mol)  x         y         z        Zatomic
1 -0.115700   3.39967   1.50658             0.870    -0.480    -0.460         6
2  0.124700   3.39967   1.50658             1.770     0.480    -1.250         6
3 -0.788301   3.25000   2.97813             1.060     0.100    -2.520         7
4  0.124700   3.39967   1.50658             0.570    -1.140    -1.820         6
5  0.056000   2.64953   0.27504            -0.000     0.000    -0.010         1
6  0.056000   2.64953   0.27504             1.360    -1.110     0.280         1
7  0.049500   2.47135   0.27504             1.700     1.530    -0.980         1
8  0.049500   2.47135   0.27504             2.830     0.190    -1.260         1
9  0.344600   1.06908   0.27504             1.700    -0.110    -3.280         1
10  0.049500   2.47135   0.27504            -0.480    -1.390    -2.010         1
11  0.049500   2.47135   0.27504             1.190    -2.020    -2.030         1
