mobley_4219614	-1.272848	-5.61058	#systeme  DGsolv_calc  DGsolv_expt (kJ/mol)
12
#    charge    sigma(Ang)  epsilon(kJ/mol)  x         y         z        Zatomic
1 -0.111100   3.39967   1.50658             1.890    -1.040    -0.110         6
2 -0.111000   3.39967   1.50658             2.920    -1.630     0.610         6
3  0.022100   3.39967   1.50658             2.880    -1.650     2.000         6
4  0.022600   3.39967   1.50658             1.800    -1.080     2.680         6
5  0.022600   3.39967   1.50658             0.760    -0.480     1.960         6
6  0.022100   3.39967   1.50658             0.810    -0.460     0.560         6
7 -0.054600   3.47094   4.64238            -0.440     0.260    -0.400        18
8 -0.038400   3.47094   4.64238            -0.590     0.240     2.780        18
9 -0.038400   3.47094   4.64238             1.760    -1.110     4.420        18
10 -0.054600   3.47094   4.64238             4.200    -2.410     2.820        18
11  0.159350   2.59964   0.26278             1.940    -1.030    -1.200         1
12  0.159350   2.59964   0.26278             3.750    -2.070     0.070         1
