mobley_951560	-35.509947	-30.9838	#systeme  DGsolv_calc  DGsolv_expt (kJ/mol)
16
#    charge    sigma(Ang)  epsilon(kJ/mol)  x         y         z        Zatomic
1  0.159400   3.39967   1.91652            -0.850    -1.060    -0.440         6
2  0.159400   3.39967   1.91652            -0.840     0.320    -1.110         6
3 -0.817401   3.25000   2.97813            -0.450     1.360    -0.160         7
4  0.159400   3.39967   1.91652             0.850     1.060     0.450         6
5  0.159400   3.39967   1.91652             0.840    -0.320     1.110         6
6 -0.817401   3.25000   2.97813             0.450    -1.370     0.160         7
7  0.034300   2.47135   0.27504            -1.080    -1.820    -1.190         1
8  0.034300   2.47135   0.27504            -1.630    -1.110     0.320         1
9  0.034300   2.47135   0.27504            -0.160     0.330    -1.970         1
10  0.034300   2.47135   0.27504            -1.850     0.540    -1.480         1
11  0.361400   1.06908   0.27504            -0.400     2.260    -0.640         1
12  0.034300   2.47135   0.27504             1.640     1.110    -0.320         1
13  0.034300   2.47135   0.27504             1.070     1.820     1.200         1
14  0.034300   2.47135   0.27504             1.840    -0.540     1.500         1
15  0.034300   2.47135   0.27504             0.150    -0.330     1.960         1
16  0.361400   1.06908   0.27504             0.380    -2.250     0.660         1
