mobley_1417007	-36.502266	-37.72487	#systeme  DGsolv_calc  DGsolv_expt (kJ/mol)
24
#    charge    sigma(Ang)  epsilon(kJ/mol)  x         y         z        Zatomic
1 -0.034800   3.39967   1.91652            -1.700     1.390     0.140         6
2 -0.169900   3.39967   1.50658            -1.830     1.920    -1.270         6
3 -0.169900   3.39967   1.50658            -1.000     1.580    -2.270         6
4 -0.034800   3.39967   1.91652             0.120     0.570    -2.130         6
5 -0.140600   3.39967   1.91652            -0.070    -0.220    -0.840         6
6  0.099100   2.64953   0.27504            -0.910    -0.920    -0.970         1
7 -0.140600   3.39967   1.91652            -0.350     0.730     0.320         6
8  0.099100   2.64953   0.27504             0.430     1.520     0.360         1
9  0.706251   3.39967   1.50658            -0.100    -0.150     1.510         6
10 -0.525501   2.95992   3.67887            -0.590    -0.020     2.620         8
11 -0.468400   3.25000   2.97813             0.860    -1.060     1.080         7
12  0.706251   3.39967   1.50658             1.070    -1.040    -0.300         6
13 -0.525501   2.95992   3.67887             1.920    -1.610    -0.970         8
14  0.102000   3.56359   4.37960             1.690    -2.090     2.120        16
15  0.232700   3.39967   1.91652             3.130    -1.050     2.530         6
16 -0.095600   3.47094   4.64238             4.190    -1.950     3.660        18
17 -0.095600   3.47094   4.64238             4.080    -0.650     1.070        18
18 -0.095600   3.47094   4.64238             2.620     0.470     3.340        18
19  0.070200   2.64953   0.27504            -2.520     0.690     0.340         1
20  0.070200   2.64953   0.27504            -1.810     2.220     0.850         1
21  0.135300   2.59964   0.26278            -2.630     2.630    -1.470         1
22  0.135300   2.59964   0.26278            -1.140     2.030    -3.250         1
23  0.070200   2.64953   0.27504             0.110    -0.120    -2.980         1
24  0.070200   2.64953   0.27504             1.080     1.090    -2.140         1
