mobley_4395315	-21.52118	-28.42973	#systeme  DGsolv_calc  DGsolv_expt (kJ/mol)
16
#    charge    sigma(Ang)  epsilon(kJ/mol)  x         y         z        Zatomic
1 -0.061900   3.39967   1.91652             1.970    -1.030    -1.610         6
2 -0.029600   3.39967   1.50658             1.890    -1.040    -0.110         6
3 -0.155600   3.39967   1.50658             2.920    -1.630     0.610         6
4  0.129600   3.39967   1.50658             2.880    -1.650     2.000         6
5 -0.211800   3.39967   1.50658             1.800    -1.080     2.680         6
6 -0.081800   3.39967   1.50658             0.760    -0.480     1.960         6
7 -0.020800   3.39967   1.50658             0.810    -0.460     0.560         6
8 -0.097300   3.47094   4.64238            -0.490     0.280    -0.300        18
9 -0.494600   3.06647   3.68587             3.890    -2.230     2.710         8
10  0.053900   2.64953   0.27504             2.490    -0.130    -1.950         1
11  0.053900   2.64953   0.27504             2.510    -1.910    -1.970         1
12  0.053900   2.64953   0.27504             0.970    -1.060    -2.050         1
13  0.155300   2.59964   0.26278             3.760    -2.080     0.090         1
14  0.138200   2.59964   0.26278             1.760    -1.090     3.760         1
15  0.147800   2.59964   0.26278            -0.070    -0.040     2.500         1
16  0.420800   0.00000   0.00000             3.720    -2.170     3.660         1
