mobley_5759258	-12.787098	-19.13459	#systeme  DGsolv_calc  DGsolv_expt (kJ/mol)
18
#    charge    sigma(Ang)  epsilon(kJ/mol)  x         y         z        Zatomic
1 -0.092200   3.39967   1.91652             0.790    -0.390     0.650         6
2 -0.079100   3.39967   1.91652             1.620    -1.440    -0.070         6
3 -0.077600   3.39967   1.91652             2.290    -0.870    -1.320         6
4 -0.084400   3.39967   1.91652             3.120    -1.930    -2.040         6
5  0.132300   3.39967   1.91652             3.800    -1.370    -3.280         6
6 -0.601901   3.06647   3.68587             4.550    -2.400    -3.900         8
7  0.033200   2.64953   0.27504             0.310    -0.810     1.540         1
8  0.033200   2.64953   0.27504             1.420     0.460     0.960         1
9  0.033200   2.64953   0.27504             0.010    -0.010    -0.010         1
10  0.040100   2.64953   0.27504             0.970    -2.280    -0.350         1
11  0.040100   2.64953   0.27504             2.380    -1.830     0.620         1
12  0.038400   2.64953   0.27504             1.530    -0.470    -2.000         1
13  0.038400   2.64953   0.27504             2.940    -0.030    -1.030         1
14  0.054600   2.64953   0.27504             2.490    -2.780    -2.320         1
15  0.054600   2.64953   0.27504             3.890    -2.340    -1.360         1
16  0.019300   2.47135   0.27504             4.480    -0.550    -3.020         1
17  0.019300   2.47135   0.27504             3.060    -1.000    -3.990         1
18  0.398500   0.00000   0.00000             4.970    -2.010    -4.680         1
