mobley_1708457	-44.210533	-42.20496	#systeme  DGsolv_calc  DGsolv_expt (kJ/mol)
11
#    charge    sigma(Ang)  epsilon(kJ/mol)  x         y         z        Zatomic
1 -0.368200   3.39967   1.91652             1.060     0.240     0.090         6
2  1.348601   3.56359   4.37960             1.280     1.270     1.520        16
3 -0.654701   2.95992   3.67887             0.950     0.480     2.690         8
4 -0.654701   2.95992   3.67887             0.610     2.530     1.260         8
5 -0.368200   3.39967   1.91652             3.020     1.570     1.540         6
6  0.116200   2.47135   0.27504             1.310     0.830    -0.790         1
7  0.116200   2.47135   0.27504             1.730    -0.620     0.180         1
8  0.116200   2.47135   0.27504             0.020    -0.090     0.060         1
9  0.116200   2.47135   0.27504             3.240     2.200     2.400         1
10  0.116200   2.47135   0.27504             3.520     0.610     1.630         1
11  0.116200   2.47135   0.27504             3.280     2.070     0.610         1
