mobley_5665561	-12.540065	-10.34189	#systeme  DGsolv_calc  DGsolv_expt (kJ/mol)
24
#    charge    sigma(Ang)  epsilon(kJ/mol)  x         y         z        Zatomic
1 -0.054300   3.39967   1.91652            -1.890    -1.700     0.930         6
2 -0.070400   3.39967   1.50658            -0.500    -2.030     0.490         6
3 -0.129600   3.39967   1.50658             0.350    -1.030     0.040         6
4 -0.060700   3.39967   1.50658             1.650    -1.340    -0.370         6
5 -0.034600   3.39967   1.50658             2.120    -2.660    -0.320         6
6 -0.117300   3.39967   1.50658             3.420    -2.990    -0.730         6
7 -0.131200   3.39967   1.50658             3.870    -4.310    -0.680         6
8 -0.127000   3.39967   1.50658             3.020    -5.320    -0.220         6
9 -0.119600   3.39967   1.50658             1.720    -5.010     0.180         6
10 -0.029200   3.39967   1.50658             1.260    -3.680     0.140         6
11 -0.127200   3.39967   1.50658            -0.050    -3.350     0.550         6
12 -0.056600   3.39967   1.91652             2.510    -0.210    -0.850         6
13  0.044300   2.64953   0.27504            -1.900    -1.470     2.000         1
14  0.044300   2.64953   0.27504            -2.270    -0.840     0.370         1
15  0.044300   2.64953   0.27504            -2.560    -2.540     0.740         1
16  0.132000   2.59964   0.26278            -0.000     0.000     0.000         1
17  0.131800   2.59964   0.26278             4.110    -2.230    -1.090         1
18  0.131100   2.59964   0.26278             4.880    -4.550    -0.990         1
19  0.131200   2.59964   0.26278             3.370    -6.340    -0.180         1
20  0.131100   2.59964   0.26278             1.080    -5.810     0.540         1
21  0.131700   2.59964   0.26278            -0.720    -4.130     0.900         1
22  0.045300   2.64953   0.27504             3.060     0.230    -0.010         1
23  0.045300   2.64953   0.27504             3.220    -0.550    -1.600         1
24  0.045300   2.64953   0.27504             1.900     0.580    -1.310         1
