mobley_313406	-13.94271	-20.30695	#systeme  DGsolv_calc  DGsolv_expt (kJ/mol)
12
#    charge    sigma(Ang)  epsilon(kJ/mol)  x         y         z        Zatomic
1 -0.092800   3.39967   1.91652            -0.000    -0.660     0.870         6
2 -0.086800   3.39967   1.91652             1.240    -0.440     1.710         6
3  0.132400   3.39967   1.91652             1.280    -1.350     2.930         6
4 -0.603201   3.06647   3.68587             2.460    -1.090     3.660         8
5  0.034900   2.64953   0.27504            -0.010    -0.010    -0.000         1
6  0.034900   2.64953   0.27504            -0.040    -1.700     0.520         1
7  0.034900   2.64953   0.27504            -0.910    -0.470     1.460         1
8  0.053800   2.64953   0.27504             1.300     0.600     2.020         1
9  0.053800   2.64953   0.27504             2.140    -0.620     1.100         1
10  0.019800   2.47135   0.27504             0.420    -1.160     3.580         1
11  0.019800   2.47135   0.27504             1.270    -2.400     2.630         1
12  0.398500   0.00000   0.00000             2.450    -1.680     4.430         1
