mobley_1034539	-4.534521	-12.72848	#systeme  DGsolv_calc  DGsolv_expt (kJ/mol)
22
#    charge    sigma(Ang)  epsilon(kJ/mol)  x         y         z        Zatomic
1 -0.097900   3.39967   1.50658             1.890    -1.040    -0.110         6
2 -0.119300   3.39967   1.50658             2.920    -1.630     0.610         6
3  0.024700   3.39967   1.50658             2.880    -1.650     2.000         6
4  0.015400   3.39967   1.50658             1.800    -1.080     2.680         6
5 -0.094500   3.39967   1.50658             0.760    -0.480     1.960         6
6 -0.046200   3.39967   1.50658             0.810    -0.460     0.560         6
7 -0.025300   3.39967   1.50658            -0.270     0.150    -0.190         6
8 -0.098200   3.39967   1.50658            -0.150     1.510    -0.490         6
9  0.019100   3.39967   1.50658            -1.160     2.150    -1.210         6
10  0.024500   3.39967   1.50658            -2.280     1.440    -1.630         6
11  0.019200   3.39967   1.50658            -2.400     0.080    -1.330         6
12  0.034200   3.39967   1.50658            -1.390    -0.560    -0.610         6
13 -0.042200   3.47094   4.64238            -1.510    -2.250    -0.220        18
14 -0.035100   3.47094   4.64238            -3.800    -0.810    -1.850        18
15 -0.033700   3.47094   4.64238            -3.530     2.260    -2.520        18
16 -0.050800   3.47094   4.64238            -0.940     3.840    -1.540        18
17 -0.062600   3.47094   4.64238             1.690    -1.070     4.400        18
18 -0.062500   3.47094   4.64238             4.190    -2.400     2.840        18
19  0.150300   2.59964   0.26278             1.930    -1.030    -1.200         1
20  0.155000   2.59964   0.26278             3.750    -2.080     0.070         1
21  0.159700   2.59964   0.26278            -0.080    -0.040     2.480         1
22  0.166200   2.59964   0.26278             0.720     2.070    -0.160         1
