mobley_7375018	-9.215587	-9.00205	#systeme  DGsolv_calc  DGsolv_expt (kJ/mol)
34
#    charge    sigma(Ang)  epsilon(kJ/mol)  x         y         z        Zatomic
1 -0.092300   3.39967   1.91652            -6.750     2.620     1.010         6
2 -0.079700   3.39967   1.91652            -5.330     3.060     0.700         6
3 -0.078500   3.39967   1.91652            -4.320     1.990     1.080         6
4 -0.078400   3.39967   1.91652            -2.890     2.440     0.760         6
5 -0.078100   3.39967   1.91652            -1.820     1.400     1.120         6
6 -0.078300   3.39967   1.91652            -0.370     1.800     0.830         6
7 -0.078100   3.39967   1.91652             0.650     0.720     1.210         6
8 -0.074800   3.39967   1.91652             2.070     1.180     0.900         6
9 -0.182400   3.39967   1.91652             3.120     0.120     1.260         6
10  0.565001   3.39967   1.50658             4.550     0.540     0.970         6
11 -0.530801   2.95992   3.67887             4.840     1.630     0.480         8
12 -0.205700   3.39967   1.91652             5.620    -0.450     1.340         6
13  0.032600   2.64953   0.27504            -7.480     3.400     0.730         1
14  0.032600   2.64953   0.27504            -7.010     1.710     0.460         1
15  0.032600   2.64953   0.27504            -6.860     2.410     2.080         1
16  0.038600   2.64953   0.27504            -5.120     3.990     1.250         1
17  0.038600   2.64953   0.27504            -5.250     3.300    -0.370         1
18  0.038500   2.64953   0.27504            -4.410     1.760     2.150         1
19  0.038500   2.64953   0.27504            -4.540     1.060     0.530         1
20  0.039500   2.64953   0.27504            -2.810     2.660    -0.310         1
21  0.039500   2.64953   0.27504            -2.680     3.390     1.280         1
22  0.038200   2.64953   0.27504            -2.050     0.480     0.580         1
23  0.038200   2.64953   0.27504            -1.910     1.160     2.190         1
24  0.041900   2.64953   0.27504            -0.260     2.070    -0.230         1
25  0.041900   2.64953   0.27504            -0.150     2.720     1.400         1
26  0.037300   2.64953   0.27504             0.430    -0.200     0.660         1
27  0.037300   2.64953   0.27504             0.560     0.500     2.280         1
28  0.055000   2.64953   0.27504             2.290     2.090     1.470         1
29  0.055000   2.64953   0.27504             2.160     1.440    -0.160         1
30  0.063800   2.64953   0.27504             3.060    -0.080     2.340         1
31  0.063800   2.64953   0.27504             2.900    -0.810     0.730         1
32  0.062900   2.64953   0.27504             5.810    -1.120     0.490         1
33  0.062900   2.64953   0.27504             5.290    -1.050     2.190         1
34  0.062900   2.64953   0.27504             6.530     0.080     1.610         1
