mobley_8809274	-2.38659	-1.04675	#systeme  DGsolv_calc  DGsolv_expt (kJ/mol)
15
#    charge    sigma(Ang)  epsilon(kJ/mol)  x         y         z        Zatomic
1 -0.100900   3.39967   1.50658             1.890    -1.040    -0.110         6
2 -0.134100   3.39967   1.50658             2.920    -1.630     0.610         6
3 -0.081500   3.39967   1.50658             2.880    -1.650     2.000         6
4 -0.167700   3.39967   1.50658             1.800    -1.080     2.680         6
5 -0.081500   3.39967   1.50658             0.760    -0.480     1.960         6
6 -0.134100   3.39967   1.50658             0.810    -0.460     0.560         6
7  0.685901   3.39967   1.91652             1.750    -1.100     4.170         6
8 -0.237500   3.11815   1.06862             2.830    -1.710     4.740        10
9 -0.237500   3.11815   1.06862             1.710     0.140     4.730        10
10 -0.237500   3.11815   1.06862             0.660    -1.760     4.650        10
11  0.139200   2.59964   0.26278             1.920    -1.020    -1.200         1
12  0.142200   2.59964   0.26278             3.760    -2.080     0.080         1
13  0.151400   2.59964   0.26278             3.690    -2.120     2.560         1
14  0.151400   2.59964   0.26278            -0.080    -0.040     2.470         1
15  0.142200   2.59964   0.26278            -0.000    -0.000     0.000         1
