mobley_900088	7.796194	1.6748	#systeme  DGsolv_calc  DGsolv_expt (kJ/mol)
16
#    charge    sigma(Ang)  epsilon(kJ/mol)  x         y         z        Zatomic
1 -0.060800   3.39967   1.91652            -1.520    -0.520     1.150         6
2 -0.075900   3.39967   1.50658            -0.410     0.300     0.540         6
3 -0.219000   3.39967   1.50658            -0.210     1.550     1.000         6
4 -0.075900   3.39967   1.50658             0.410    -0.300    -0.540         6
5 -0.219000   3.39967   1.50658             0.820     0.380    -1.620         6
6 -0.060800   3.39967   1.91652             0.800    -1.750    -0.410         6
7  0.042700   2.64953   0.27504            -2.470    -0.380     0.620         1
8  0.042700   2.64953   0.27504            -1.690    -0.230     2.190         1
9  0.042700   2.64953   0.27504            -1.280    -1.590     1.110         1
10  0.113800   2.59964   0.26278             0.560     2.210     0.620         1
11  0.113800   2.59964   0.26278            -0.830     1.960     1.790         1
12  0.113800   2.59964   0.26278             1.420    -0.100    -2.390         1
13  0.113800   2.59964   0.26278             0.580     1.430    -1.790         1
14  0.042700   2.64953   0.27504             0.050    -2.400    -0.880         1
15  0.042700   2.64953   0.27504             1.760    -1.970    -0.910         1
16  0.042700   2.64953   0.27504             0.920    -2.040     0.640         1
