mobley_5006685	-15.035517	-17.12483	#systeme  DGsolv_calc  DGsolv_expt (kJ/mol)
25
#    charge    sigma(Ang)  epsilon(kJ/mol)  x         y         z        Zatomic
1 -0.065300   3.39967   1.91652             5.840    -2.320    -2.690         6
2 -0.108300   3.39967   1.50658             5.750    -0.820    -2.640         6
3 -0.221600   3.39967   1.50658             6.800    -0.030    -2.910         6
4 -0.029700   3.39967   1.91652             4.410    -0.260    -2.270         6
5  0.055000   2.64953   0.27504             4.500     0.840    -2.280         1
6 -0.071900   3.39967   1.91652             3.340    -0.660    -3.300         6
7 -0.037000   3.39967   1.91652             1.980    -0.040    -2.950         6
8 -0.214700   3.39967   1.50658             1.660    -0.140    -1.490         6
9 -0.097900   3.39967   1.50658             2.550    -0.460    -0.540         6
10 -0.055500   3.39967   1.91652             4.000    -0.710    -0.860         6
11  0.564701   3.39967   1.50658             0.270     0.080    -1.060         6
12 -0.527001   2.95992   3.67887            -0.620     0.360    -1.850         8
13  0.043000   2.64953   0.27504             6.130    -2.710    -1.720         1
14  0.043000   2.64953   0.27504             4.880    -2.750    -2.970         1
15  0.043000   2.64953   0.27504             6.580    -2.660    -3.430         1
16  0.113900   2.59964   0.26278             6.720     1.050    -2.860         1
17  0.113900   2.59964   0.26278             7.760    -0.450    -3.170         1
18  0.047600   2.64953   0.27504             3.630    -0.340    -4.310         1
19  0.047600   2.64953   0.27504             3.240    -1.750    -3.330         1
20  0.061900   2.64953   0.27504             1.980     1.030    -3.230         1
21  0.061900   2.64953   0.27504             1.200    -0.530    -3.550         1
22  0.123500   2.59964   0.26278             2.260    -0.550     0.500         1
23  0.060200   2.64953   0.27504             4.620    -0.180    -0.120         1
24  0.060200   2.64953   0.27504             4.200    -1.780    -0.720         1
25 -0.010500   2.51055   0.26278             0.100    -0.010     0.020         1
