mobley_2881590	-7.683145	-7.87156	#systeme  DGsolv_calc  DGsolv_expt (kJ/mol)
17
#    charge    sigma(Ang)  epsilon(kJ/mol)  x         y         z        Zatomic
1 -0.104500   3.39967   1.91652             1.000    -0.360    -0.270         6
2 -0.094100   3.39967   1.91652             1.820     0.750    -0.940         6
3 -0.104500   3.39967   1.91652             1.160     1.180    -2.250         6
4  0.128100   3.39967   1.91652             2.000     1.950    -0.010         6
5 -0.349700   3.00001   2.97813             2.680     1.550     1.170         8
6  0.374800   3.25000   2.97813             2.880     2.610     2.090         7
7 -0.181500   2.95992   3.67887             2.470     3.730     1.780         8
8 -0.181500   2.95992   3.67887             3.470     2.250     3.120         8
9  0.045800   2.64953   0.27504             1.470    -0.670     0.660         1
10  0.045800   2.64953   0.27504             0.910    -1.240    -0.920         1
11  0.045800   2.64953   0.27504            -0.010    -0.010    -0.040         1
12  0.066100   2.64953   0.27504             2.810     0.330    -1.170         1
13  0.045800   2.64953   0.27504             1.740     1.970    -2.740         1
14  0.045800   2.64953   0.27504             0.150     1.570    -2.070         1
15  0.045800   2.64953   0.27504             1.070     0.340    -2.950         1
16  0.086000   2.47135   0.27504             2.600     2.730    -0.500         1
17  0.086000   2.47135   0.27504             1.030     2.380     0.270         1
