mobley_5123639	-12.171609	-15.61751	#systeme  DGsolv_calc  DGsolv_expt (kJ/mol)
21
#    charge    sigma(Ang)  epsilon(kJ/mol)  x         y         z        Zatomic
1 -0.128700   3.39967   1.91652             1.520    -0.030    -2.890         6
2  0.142300   3.39967   1.91652             1.110     1.300    -2.270         6
3  0.031000   2.47135   0.27504             1.450     1.340    -1.230         1
4 -0.075000   3.39967   1.91652            -0.390     1.570    -2.350         6
5 -0.064200   3.39967   1.91652            -1.310     0.540    -1.660         6
6 -0.091100   3.39967   1.91652            -1.020     0.420    -0.160         6
7 -0.091100   3.39967   1.91652            -2.770     0.920    -1.880         6
8 -0.605601   3.06647   3.68587             1.780     2.350    -2.960         8
9  0.042300   2.64953   0.27504             1.190    -0.090    -3.940         1
10  0.042300   2.64953   0.27504             2.610    -0.130    -2.900         1
11  0.042300   2.64953   0.27504             1.110    -0.880    -2.350         1
12  0.054200   2.64953   0.27504            -0.590     2.570    -1.940         1
13  0.054200   2.64953   0.27504            -0.680     1.650    -3.410         1
14  0.044900   2.64953   0.27504            -1.150    -0.450    -2.120         1
15  0.034200   2.64953   0.27504            -1.680    -0.320     0.310         1
16  0.034200   2.64953   0.27504            -1.160     1.380     0.340         1
17  0.034200   2.64953   0.27504             0.010     0.110     0.010         1
18  0.034200   2.64953   0.27504            -3.440     0.190    -1.400         1
19  0.034200   2.64953   0.27504            -2.990     1.900    -1.460         1
20  0.034200   2.64953   0.27504            -3.020     0.940    -2.950         1
21  0.397000   0.00000   0.00000             2.730     2.190    -2.860         1
