mobley_1733799	-24.422771	-24.49395	#systeme  DGsolv_calc  DGsolv_expt (kJ/mol)
13
#    charge    sigma(Ang)  epsilon(kJ/mol)  x         y         z        Zatomic
1 -0.187500   3.39967   1.50658             1.890    -1.040    -0.110         6
2 -0.065900   3.39967   1.50658             2.920    -1.630     0.610         6
3 -0.066100   3.39967   1.50658             2.880    -1.650     2.000         6
4 -0.065900   3.39967   1.50658             1.800    -1.080     2.680         6
5 -0.187500   3.39967   1.50658             0.760    -0.480     1.960         6
6  0.137900   3.39967   1.50658             0.810    -0.460     0.560         6
7 -0.492900   3.06647   3.68587            -0.200     0.120    -0.140         8
8 -0.087400   3.59923   7.35773             4.280    -2.460     2.980        40
9  0.147800   2.59964   0.26278             1.920    -1.020    -1.200         1
10  0.148600   2.59964   0.26278             3.750    -2.070     0.070         1
11  0.148600   2.59964   0.26278             1.750    -1.090     3.760         1
12  0.147800   2.59964   0.26278            -0.070    -0.040     2.480         1
13  0.422500   0.00000   0.00000            -0.880     0.470     0.460         1
