mobley_8525830	-0.464757	-0.58618	#systeme  DGsolv_calc  DGsolv_expt (kJ/mol)
17
#    charge    sigma(Ang)  epsilon(kJ/mol)  x         y         z        Zatomic
1 -0.091900   3.39967   1.91652             2.150    -1.380    -1.450         6
2 -0.079700   3.39967   1.91652             1.240    -0.260    -0.970         6
3 -0.080800   3.39967   1.91652             0.440    -0.610     0.280         6
4 -0.075700   3.39967   1.91652            -0.470     0.520     0.760         6
5  0.068200   3.39967   1.91652            -1.240     0.100     2.020         6
6 -0.254300   3.83086   8.75920            -2.520     1.690     2.680        63
7  0.034000   2.64953   0.27504             2.710    -1.090    -2.350         1
8  0.034000   2.64953   0.27504             2.890    -1.620    -0.680         1
9  0.034000   2.64953   0.27504             1.580    -2.280    -1.670         1
10  0.039800   2.64953   0.27504             0.560     0.030    -1.780         1
11  0.039800   2.64953   0.27504             1.860     0.620    -0.750         1
12  0.041300   2.64953   0.27504             1.160    -0.860     1.080         1
13  0.041300   2.64953   0.27504            -0.150    -1.520     0.100         1
14  0.053700   2.64953   0.27504             0.130     1.410     0.970         1
15  0.053700   2.64953   0.27504            -1.180     0.780    -0.030         1
16  0.071300   2.47135   0.27504            -0.540    -0.150     2.820         1
17  0.071300   2.47135   0.27504            -1.850    -0.790     1.810         1
