mobley_9434451	1.875776	-2.00976	#systeme  DGsolv_calc  DGsolv_expt (kJ/mol)
11
#    charge    sigma(Ang)  epsilon(kJ/mol)  x         y         z        Zatomic
1 -0.096100   3.39967   1.91652            -0.250    -0.570    -1.140         6
2  0.023600   3.39967   1.91652            -0.150    -0.410     0.370         6
3 -0.096100   3.39967   1.91652             0.210     1.010     0.780         6
4 -0.197300   3.59923   7.35773             1.220    -1.630     1.050        40
5  0.048400   2.64953   0.27504            -0.510    -1.590    -1.410         1
6  0.048400   2.64953   0.27504            -1.020     0.100    -1.540         1
7  0.048400   2.64953   0.27504             0.700    -0.320    -1.630         1
8  0.075500   2.47135   0.27504            -1.090    -0.720     0.850         1
9  0.048400   2.64953   0.27504             0.280     1.100     1.870         1
10  0.048400   2.64953   0.27504            -0.550     1.720     0.430         1
11  0.048400   2.64953   0.27504             1.180     1.320     0.360         1
