mobley_632905	-27.529525	-18.4228	#systeme  DGsolv_calc  DGsolv_expt (kJ/mol)
21
#    charge    sigma(Ang)  epsilon(kJ/mol)  x         y         z        Zatomic
1 -0.199300   3.39967   1.91652             1.260     0.140    -2.250         6
2  0.582201   3.39967   1.50658             1.930    -1.010    -1.570         6
3 -0.538701   2.95992   3.67887             2.470    -1.870    -2.260         8
4 -0.213400   3.39967   1.50658             1.890    -1.040    -0.110         6
5 -0.051300   3.39967   1.50658             2.920    -1.630     0.610         6
6 -0.193500   3.39967   1.50658             2.880    -1.650     2.000         6
7  0.148400   3.39967   1.50658             1.800    -1.080     2.680         6
8 -0.193500   3.39967   1.50658             0.760    -0.480     1.960         6
9 -0.051300   3.39967   1.50658             0.810    -0.460     0.560         6
10 -0.323500   3.00001   2.97813             1.760    -1.100     4.040         8
11  0.110300   3.39967   1.91652             2.850    -1.720     4.710         6
12  0.064400   2.64953   0.27504             0.200    -0.030    -2.490         1
13  0.064400   2.64953   0.27504             1.760     0.440    -3.180         1
14  0.064400   2.64953   0.27504             1.250     1.050    -1.640         1
15  0.145600   2.59964   0.26278             3.770    -2.080     0.090         1
16  0.148200   2.59964   0.26278             3.690    -2.120     2.560         1
17  0.148200   2.59964   0.26278            -0.080    -0.040     2.470         1
18  0.145600   2.59964   0.26278            -0.010     0.000     0.010         1
19  0.047600   2.47135   0.27504             2.680    -1.660     5.790         1
20  0.047600   2.47135   0.27504             3.770    -1.210     4.440         1
21  0.047600   2.47135   0.27504             2.900    -2.770     4.400         1
