mobley_8191186	0.975571	0.25122	#systeme  DGsolv_calc  DGsolv_expt (kJ/mol)
8
#    charge    sigma(Ang)  epsilon(kJ/mol)  x         y         z        Zatomic
1 -0.029700   3.39967   1.91652            -0.020     0.710    -0.270         6
2  0.624801   3.39967   1.91652             0.030    -0.740     0.120         6
3 -0.229700   3.11815   1.06862            -1.090    -1.120     0.770        10
4 -0.229700   3.11815   1.06862             1.080    -1.010     0.920        10
5 -0.229700   3.11815   1.06862             0.150    -1.520    -0.980        10
6 -0.112600   3.47094   4.64238            -0.190     1.750     1.160        18
7  0.103300   2.47135   0.27504             0.900     1.010    -0.790         1
8  0.103300   2.47135   0.27504            -0.870     0.910    -0.930         1
