mobley_3682850	-17.50166	-20.55817	#systeme  DGsolv_calc  DGsolv_expt (kJ/mol)
17
#    charge    sigma(Ang)  epsilon(kJ/mol)  x         y         z        Zatomic
1 -0.083000   3.39967   1.91652             0.930     0.330    -1.550         6
2 -0.072500   3.39967   1.91652             1.110     1.210    -0.310         6
3 -0.181100   3.39967   1.91652            -0.150     1.250     0.540         6
4  0.568701   3.39967   1.50658            -0.630    -0.150     0.850         6
5 -0.532901   2.95992   3.67887            -1.010    -0.470     1.970         8
6 -0.181100   3.39967   1.91652            -0.760    -1.090    -0.330         6
7 -0.072500   3.39967   1.91652             0.510    -1.080    -1.170         6
8  0.045000   2.64953   0.27504             1.860     0.300    -2.120         1
9  0.045000   2.64953   0.27504             0.170     0.780    -2.210         1
10  0.047400   2.64953   0.27504             1.950     0.810     0.280         1
11  0.047400   2.64953   0.27504             1.390     2.220    -0.610         1
12  0.068700   2.64953   0.27504             0.060     1.770     1.480         1
13  0.068700   2.64953   0.27504            -0.950     1.780     0.020         1
14  0.068700   2.64953   0.27504            -0.960    -2.100     0.040         1
15  0.068700   2.64953   0.27504            -1.620    -0.770    -0.930         1
16  0.047400   2.64953   0.27504             1.320    -1.550    -0.600         1
17  0.047400   2.64953   0.27504             0.360    -1.690    -2.070         1
