mobley_5393242	-45.022811	-27.13176	#systeme  DGsolv_calc  DGsolv_expt (kJ/mol)
40
#    charge    sigma(Ang)  epsilon(kJ/mol)  x         y         z        Zatomic
1 -0.096300   3.39967   1.91652            -4.130     1.790    -0.450         6
2  0.156400   3.39967   1.91652            -3.000     0.790    -0.430         6
3 -0.542501   3.00001   2.97813            -2.470     0.660    -1.750         8
4  1.264301   3.74177   3.50368            -1.230    -0.350    -2.030        15
5 -0.601501   3.56359   4.37960            -1.550    -2.230    -1.600        16
6 -0.542501   3.00001   2.97813            -0.030     0.400    -1.230         8
7  0.156400   3.39967   1.91652             1.320     0.110    -1.540         6
8 -0.096300   3.39967   1.91652             2.230     0.940    -0.660         6
9 -0.582001   3.00001   2.97813            -0.880     0.000    -3.570         8
10  0.706801   3.39967   1.50658            -1.730    -0.110    -4.640         6
11 -0.419500   3.39967   1.50658            -1.270     0.230    -5.900         6
12  0.488000   3.39967   1.50658            -2.180     0.090    -6.930         6
13 -0.711001   3.25000   2.97813            -3.440    -0.360    -6.750         7
14  0.684501   3.39967   1.50658            -3.770    -0.670    -5.480         6
15 -0.696601   3.25000   2.97813            -2.970    -0.570    -4.400         7
16 -0.098200   3.39967   1.91652            -5.150    -1.170    -5.250         6
17 -0.092600   3.39967   1.91652            -5.950    -0.280    -4.280         6
18 -0.092600   3.39967   1.91652            -5.170    -2.630    -4.750         6
19 -0.158100   3.39967   1.91652            -1.780     0.440    -8.320         6
20  0.054700   2.64953   0.27504            -4.560     1.920     0.550         1
21  0.054700   2.64953   0.27504            -3.790     2.770    -0.810         1
22  0.054700   2.64953   0.27504            -4.920     1.460    -1.130         1
23  0.060600   2.47135   0.27504            -3.350    -0.190    -0.100         1
24  0.060600   2.47135   0.27504            -2.200     1.140     0.230         1
25  0.060600   2.47135   0.27504             1.500    -0.960    -1.380         1
26  0.060600   2.47135   0.27504             1.500     0.340    -2.600         1
27  0.054700   2.64953   0.27504             3.280     0.730    -0.880         1
28  0.054700   2.64953   0.27504             2.040     2.000    -0.810         1
29  0.054700   2.64953   0.27504             2.040     0.720     0.400         1
30  0.167300   2.59964   0.26278            -0.270     0.600    -6.060         1
31  0.076100   2.64953   0.27504            -5.720    -1.170    -6.200         1
32  0.044600   2.64953   0.27504            -6.960    -0.660    -4.120         1
33  0.044600   2.64953   0.27504            -6.040     0.750    -4.670         1
34  0.044600   2.64953   0.27504            -5.450    -0.230    -3.310         1
35  0.044600   2.64953   0.27504            -6.200    -2.960    -4.590         1
36  0.044600   2.64953   0.27504            -4.640    -2.740    -3.800         1
37  0.044600   2.64953   0.27504            -4.710    -3.310    -5.470         1
38  0.063900   2.64953   0.27504            -1.350    -0.440    -8.820         1
39  0.063900   2.64953   0.27504            -2.640     0.790    -8.900         1
40  0.063900   2.64953   0.27504            -1.040     1.240    -8.330         1
