mobley_8467917	11.63986	7.03416	#systeme  DGsolv_calc  DGsolv_expt (kJ/mol)
21
#    charge    sigma(Ang)  epsilon(kJ/mol)  x         y         z        Zatomic
1 -0.092100   3.39967   1.91652             2.540    -2.310     4.030         6
2 -0.080000   3.39967   1.91652             2.790    -2.080     2.540         6
3 -0.076400   3.39967   1.91652             1.810    -1.040     1.970         6
4 -0.048800   3.39967   1.91652             2.020    -0.780     0.480         6
5 -0.169600   3.39967   1.50658             1.060     0.240    -0.080         6
6 -0.168700   3.39967   1.50658             1.440     1.390    -0.640         6
7 -0.065500   3.39967   1.91652             0.490     2.400    -1.200         6
8  0.033200   2.64953   0.27504             3.250    -3.050     4.430         1
9  0.033200   2.64953   0.27504             2.660    -1.380     4.590         1
10  0.033200   2.64953   0.27504             1.530    -2.680     4.190         1
11  0.038200   2.64953   0.27504             2.680    -3.030     2.010         1
12  0.038200   2.64953   0.27504             3.820    -1.740     2.400         1
13  0.040500   2.64953   0.27504             0.780    -1.400     2.120         1
14  0.040500   2.64953   0.27504             1.900    -0.100     2.540         1
15  0.043600   2.64953   0.27504             1.870    -1.720    -0.070         1
16  0.043600   2.64953   0.27504             3.060    -0.470     0.300         1
17  0.119300   2.59964   0.26278             0.000    -0.010    -0.010         1
18  0.118200   2.59964   0.26278             2.500     1.630    -0.710         1
19  0.039800   2.64953   0.27504             0.200     3.110    -0.420         1
20  0.039800   2.64953   0.27504            -0.420     1.900    -1.550         1
21  0.039800   2.64953   0.27504             0.920     2.960    -2.040         1
