mobley_3968739	-20.604227	-16.41304	#systeme  DGsolv_calc  DGsolv_expt (kJ/mol)
18
#    charge    sigma(Ang)  epsilon(kJ/mol)  x         y         z        Zatomic
1  0.125800   3.39967   1.91652             0.580    -1.020    -3.510         6
2 -0.439200   3.00001   2.97813             0.670    -1.030    -2.080         8
3  0.645301   3.39967   1.50658             1.930    -1.020    -1.570         6
4 -0.536301   2.95992   3.67887             2.970    -0.990    -2.200         8
5 -0.130600   3.39967   1.50658             1.890    -1.040    -0.110         6
6 -0.073700   3.39967   1.50658             2.920    -1.630     0.610         6
7 -0.144500   3.39967   1.50658             2.880    -1.650     2.000         6
8 -0.099300   3.39967   1.50658             1.800    -1.080     2.680         6
9 -0.144500   3.39967   1.50658             0.760    -0.480     1.960         6
10 -0.073700   3.39967   1.50658             0.810    -0.460     0.560         6
11  0.050200   2.47135   0.27504            -0.470    -1.030    -3.810         1
12  0.050200   2.47135   0.27504             1.100    -1.890    -3.910         1
13  0.050200   2.47135   0.27504             1.050    -0.100    -3.880         1
14  0.153100   2.59964   0.26278             3.770    -2.080     0.090         1
15  0.139000   2.59964   0.26278             3.690    -2.120     2.560         1
16  0.135900   2.59964   0.26278             1.770    -1.100     3.760         1
17  0.139000   2.59964   0.26278            -0.080    -0.040     2.480         1
18  0.153100   2.59964   0.26278            -0.010     0.000     0.010         1
