mobley_2489709	-2.315411	-5.69432	#systeme  DGsolv_calc  DGsolv_expt (kJ/mol)
12
#    charge    sigma(Ang)  epsilon(kJ/mol)  x         y         z        Zatomic
1 -0.121400   3.39967   1.50658             1.890    -1.040    -0.110         6
2 -0.121300   3.39967   1.50658             2.920    -1.630     0.610         6
3 -0.117700   3.39967   1.50658             2.880    -1.650     2.000         6
4  0.017500   3.39967   1.50658             1.800    -1.080     2.680         6
5  0.017500   3.39967   1.50658             0.760    -0.480     1.960         6
6 -0.117700   3.39967   1.50658             0.810    -0.460     0.560         6
7 -0.070300   3.47094   4.64238            -0.600     0.240     2.730        18
8 -0.070300   3.47094   4.64238             1.800    -1.140     4.400        18
9  0.141000   2.59964   0.26278             1.920    -1.020    -1.200         1
10  0.141000   2.59964   0.26278             3.760    -2.080     0.080         1
11  0.150850   2.59964   0.26278             3.690    -2.120     2.550         1
12  0.150850   2.59964   0.26278             0.010    -0.000    -0.020         1
