mobley_6929123	-15.977592	-16.748	#systeme  DGsolv_calc  DGsolv_expt (kJ/mol)
11
#    charge    sigma(Ang)  epsilon(kJ/mol)  x         y         z        Zatomic
1  0.127400   3.39967   1.91652            -0.360    -0.140     1.030         6
2 -0.447300   3.00001   2.97813             0.740    -0.450     1.890         8
3  0.620901   3.39967   1.50658             1.410    -1.600     1.600         6
4 -0.506901   2.95992   3.67887             1.150    -2.360     0.680         8
5 -0.029300   3.39967   1.91652             2.520    -1.770     2.600         6
6 -0.128800   3.47094   4.64238             3.430    -3.250     2.270        18
7  0.053600   2.47135   0.27504            -0.820     0.800     1.350         1
8  0.053600   2.47135   0.27504            -1.090    -0.950     1.050         1
9  0.053600   2.47135   0.27504             0.020    -0.020     0.010         1
10  0.101600   2.47135   0.27504             2.110    -1.850     3.610         1
11  0.101600   2.47135   0.27504             3.220    -0.930     2.530         1
