mobley_2390199	-11.321648	-12.22604	#systeme  DGsolv_calc  DGsolv_expt (kJ/mol)
22
#    charge    sigma(Ang)  epsilon(kJ/mol)  x         y         z        Zatomic
1 -0.092800   3.39967   1.91652             1.010     0.390     0.120         6
2 -0.076000   3.39967   1.91652             1.120     1.220     1.390         6
3 -0.179500   3.39967   1.91652             2.520     1.790     1.580         6
4  0.561201   3.39967   1.50658             2.650     2.610     2.850         6
5 -0.530601   2.95992   3.67887             1.710     2.780     3.620         8
6 -0.179500   3.39967   1.91652             4.030     3.220     3.100         6
7 -0.076000   3.39967   1.91652             4.080     4.030     4.390         6
8 -0.092800   3.39967   1.91652             5.470     4.620     4.610         6
9  0.033800   2.64953   0.27504             0.010    -0.010    -0.010         1
10  0.033800   2.64953   0.27504             1.240     1.020    -0.760         1
11  0.033800   2.64953   0.27504             1.720    -0.440     0.130         1
12  0.053300   2.64953   0.27504             0.850     0.590     2.250         1
13  0.053300   2.64953   0.27504             0.380     2.030     1.360         1
14  0.062500   2.64953   0.27504             2.780     2.430     0.730         1
15  0.062500   2.64953   0.27504             3.250     0.970     1.630         1
16  0.062500   2.64953   0.27504             4.270     3.850     2.240         1
17  0.062500   2.64953   0.27504             4.750     2.390     3.140         1
18  0.053300   2.64953   0.27504             3.350     4.840     4.350         1
19  0.053300   2.64953   0.27504             3.820     3.400     5.240         1
20  0.033800   2.64953   0.27504             5.500     5.200     5.540         1
21  0.033800   2.64953   0.27504             6.210     3.820     4.690         1
22  0.033800   2.64953   0.27504             5.750     5.270     3.780         1
