mobley_6115639	-44.558054	-36.4269	#systeme  DGsolv_calc  DGsolv_expt (kJ/mol)
17
#    charge    sigma(Ang)  epsilon(kJ/mol)  x         y         z        Zatomic
1  0.149600   3.39967   1.91652             1.000    -0.280    -0.330         6
2 -0.566201   3.00001   2.97813             1.080    -0.140    -1.740         8
3  1.599102   3.74177   3.50368             2.450    -0.580    -2.480        15
4 -0.784001   2.95992   3.67887             2.820    -2.030    -2.310         8
5 -0.566201   3.00001   2.97813             2.190    -0.130    -4.020         8
6  0.149600   3.39967   1.91652             3.200    -0.380    -4.970         6
7 -0.566201   3.00001   2.97813             3.560     0.460    -1.940         8
8  0.149600   3.39967   1.91652             3.400     1.850    -2.160         6
9  0.048300   2.47135   0.27504             0.020     0.060     0.020         1
10  0.048300   2.47135   0.27504             1.790     0.300     0.140         1
11  0.048300   2.47135   0.27504             1.130    -1.340    -0.070         1
12  0.048300   2.47135   0.27504             2.870    -0.020    -5.950         1
13  0.048300   2.47135   0.27504             3.410    -1.450    -5.020         1
14  0.048300   2.47135   0.27504             4.110     0.160    -4.680         1
15  0.048300   2.47135   0.27504             4.250     2.390    -1.730         1
16  0.048300   2.47135   0.27504             2.470     2.190    -1.700         1
17  0.048300   2.47135   0.27504             3.370     2.040    -3.240         1
