mobley_5747188	-13.117871	-14.98946	#systeme  DGsolv_calc  DGsolv_expt (kJ/mol)
17
#    charge    sigma(Ang)  epsilon(kJ/mol)  x         y         z        Zatomic
1 -0.074100   3.39967   1.91652             1.960    -1.030    -1.610         6
2 -0.024100   3.39967   1.50658             1.890    -1.040    -0.110         6
3 -0.131000   3.39967   1.50658             2.920    -1.630     0.610         6
4 -0.098600   3.39967   1.50658             2.880    -1.650     2.000         6
5 -0.130700   3.39967   1.50658             1.800    -1.080     2.680         6
6 -0.083100   3.39967   1.50658             0.760    -0.480     1.960         6
7 -0.148700   3.39967   1.50658             0.810    -0.460     0.560         6
8  0.305300   3.25000   2.97813            -0.260     0.150    -0.150         7
9 -0.197100   2.95992   3.67887            -1.250    -0.550    -0.490         8
10 -0.197100   2.95992   3.67887            -0.180     1.370    -0.430         8
11  0.062000   2.64953   0.27504             2.480    -0.130    -1.950         1
12  0.062000   2.64953   0.27504             2.500    -1.910    -1.970         1
13  0.062000   2.64953   0.27504             0.960    -1.060    -2.050         1
14  0.146300   2.59964   0.26278             3.770    -2.080     0.090         1
15  0.143500   2.59964   0.26278             3.690    -2.110     2.560         1
16  0.147200   2.59964   0.26278             1.770    -1.100     3.760         1
17  0.156200   2.59964   0.26278            -0.070    -0.040     2.490         1
