mobley_2261979	-17.577026	-13.18905	#systeme  DGsolv_calc  DGsolv_expt (kJ/mol)
22
#    charge    sigma(Ang)  epsilon(kJ/mol)  x         y         z        Zatomic
1 -0.122300   3.39967   1.50658             5.840    -0.420     0.180         6
2 -0.119500   3.39967   1.50658             4.670     0.300    -0.120         6
3 -0.020700   3.39967   1.50658             3.410    -0.280     0.120         6
4 -0.119500   3.39967   1.50658             2.140     0.280    -0.120         6
5 -0.122300   3.39967   1.50658             0.970    -0.450     0.190         6
6 -0.121700   3.39967   1.50658             1.040    -1.740     0.730         6
7 -0.070800   3.39967   1.50658             2.290    -2.300     0.960         6
8 -0.063300   3.39967   1.50658             3.410    -1.570     0.660         6
9 -0.070800   3.39967   1.50658             4.540    -2.290     0.960         6
10 -0.121700   3.39967   1.50658             5.780    -1.720     0.720         6
11 -0.033300   3.39967   1.91652             4.200    -3.630     1.520         6
12 -0.033300   3.39967   1.91652             2.650    -3.640     1.520         6
13  0.129500   2.59964   0.26278             6.810     0.040    -0.010         1
14  0.131600   2.59964   0.26278             4.740     1.300    -0.540         1
15  0.131600   2.59964   0.26278             2.050     1.280    -0.530         1
16  0.129500   2.59964   0.26278             0.000     0.000    -0.000         1
17  0.133900   2.59964   0.26278             0.140    -2.290     0.960         1
18  0.133900   2.59964   0.26278             6.700    -2.260     0.950         1
19  0.057300   2.64953   0.27504             4.590    -4.440     0.890         1
20  0.057300   2.64953   0.27504             4.590    -3.750     2.540         1
21  0.057300   2.64953   0.27504             2.260    -4.450     0.890         1
22  0.057300   2.64953   0.27504             2.260    -3.760     2.540         1
