mobley_1899443	10.408882	6.15489	#systeme  DGsolv_calc  DGsolv_expt (kJ/mol)
18
#    charge    sigma(Ang)  epsilon(kJ/mol)  x         y         z        Zatomic
1 -0.092800   3.39967   1.91652            -2.930    -0.880     3.670         6
2 -0.077000   3.39967   1.91652            -1.500    -0.470     3.350         6
3 -0.046900   3.39967   1.91652            -1.470     0.560     2.220         6
4 -0.108000   3.39967   1.50658            -0.060     0.990     1.870         6
5 -0.229000   3.39967   1.50658             0.440     0.810     0.640         6
6 -0.062600   3.39967   1.91652             0.740     1.660     2.960         6
7  0.033200   2.64953   0.27504            -2.950    -1.630     4.480         1
8  0.033200   2.64953   0.27504            -3.430    -1.310     2.800         1
9  0.033200   2.64953   0.27504            -3.510    -0.010     4.000         1
10  0.040800   2.64953   0.27504            -1.040    -0.070     4.250         1
11  0.040800   2.64953   0.27504            -0.930    -1.360     3.060         1
12  0.044700   2.64953   0.27504            -1.960     0.150     1.330         1
13  0.044700   2.64953   0.27504            -2.050     1.450     2.510         1
14  0.111200   2.59964   0.26278             1.450     1.130     0.390         1
15  0.111200   2.59964   0.26278            -0.140     0.340    -0.140         1
16  0.041100   2.64953   0.27504             1.290     0.910     3.530         1
17  0.041100   2.64953   0.27504             1.450     2.370     2.530         1
18  0.041100   2.64953   0.27504             0.100     2.210     3.650         1
