mobley_3183805	-3.328665	-3.60082	#systeme  DGsolv_calc  DGsolv_expt (kJ/mol)
21
#    charge    sigma(Ang)  epsilon(kJ/mol)  x         y         z        Zatomic
1 -0.052100   3.39967   1.91652             1.930    -1.010    -1.600         6
2 -0.079400   3.39967   1.50658             1.890    -1.040    -0.110         6
3 -0.132000   3.39967   1.50658             2.920    -1.630     0.610         6
4 -0.125800   3.39967   1.50658             2.880    -1.650     2.000         6
5 -0.079000   3.39967   1.50658             1.800    -1.080     2.680         6
6 -0.071500   3.39967   1.50658             0.760    -0.480     1.960         6
7 -0.130100   3.39967   1.50658             0.810    -0.460     0.560         6
8 -0.052700   3.39967   1.91652            -0.400     0.130     2.660         6
9 -0.052200   3.39967   1.91652             1.770    -1.120     4.170         6
10  0.043100   2.64953   0.27504             2.440    -0.110    -1.950         1
11  0.043100   2.64953   0.27504             2.460    -1.890    -1.990         1
12  0.043100   2.64953   0.27504             0.920    -1.040    -2.030         1
13  0.130100   2.59964   0.26278             3.770    -2.080     0.090         1
14  0.128500   2.59964   0.26278             3.690    -2.120     2.550         1
15  0.128600   2.59964   0.26278            -0.000    -0.000    -0.000         1
16  0.043300   2.64953   0.27504            -0.200     1.190     2.860         1
17  0.043300   2.64953   0.27504            -1.310     0.060     2.050         1
18  0.043300   2.64953   0.27504            -0.610    -0.380     3.600         1
19  0.042800   2.64953   0.27504             2.270    -0.230     4.580         1
20  0.042800   2.64953   0.27504             0.750    -1.150     4.550         1
21  0.042800   2.64953   0.27504             2.290    -2.010     4.550         1
