mobley_430089	1.96789	0.04187	#systeme  DGsolv_calc  DGsolv_expt (kJ/mol)
13
#    charge    sigma(Ang)  epsilon(kJ/mol)  x         y         z        Zatomic
1 -0.093900   3.39967   1.91652            -1.140     1.380    -0.750         6
2 -0.077600   3.39967   1.91652             0.100     0.680    -0.220         6
3 -0.003000   3.39967   1.91652            -0.210    -0.750     0.220         6
4 -0.138300   3.39967   3.67887             0.990    -1.420     0.740         6
5 -0.162900   3.39967   3.67887             1.970    -1.970     1.160         6
6  0.034800   2.64953   0.27504            -0.900     2.400    -1.060         1
7  0.034800   2.64953   0.27504            -1.530     0.840    -1.620         1
8  0.034800   2.64953   0.27504            -1.920     1.420     0.010         1
9  0.045900   2.64953   0.27504             0.880     0.680    -0.990         1
10  0.045900   2.64953   0.27504             0.500     1.250     0.630         1
11  0.058200   2.64953   0.27504            -0.610    -1.320    -0.630         1
12  0.058200   2.64953   0.27504            -0.990    -0.740     0.990         1
13  0.163100   2.59964   0.26278             2.840    -2.460     1.530         1
