mobley_3968043	-16.283243	-19.6789	#systeme  DGsolv_calc  DGsolv_expt (kJ/mol)
14
#    charge    sigma(Ang)  epsilon(kJ/mol)  x         y         z        Zatomic
1 -0.082100   3.39967   1.91652             1.020    -0.780     0.960         6
2 -0.082100   3.39967   1.91652             1.560     0.350     0.080         6
3 -0.191300   3.39967   1.91652             0.330     1.180    -0.270         6
4  0.569401   3.39967   1.50658            -0.750     0.120    -0.300         6
5 -0.526201   2.95992   3.67887            -1.870     0.310    -0.750         8
6 -0.191300   3.39967   1.91652            -0.290    -1.180     0.290         6
7  0.050100   2.64953   0.27504             0.830    -0.400     1.970         1
8  0.050100   2.64953   0.27504             1.720    -1.610     1.030         1
9  0.050100   2.64953   0.27504             2.320     0.950     0.590         1
10  0.050100   2.64953   0.27504             2.010    -0.060    -0.830         1
11  0.075800   2.64953   0.27504             0.090     1.900     0.510         1
12  0.075800   2.64953   0.27504             0.430     1.670    -1.240         1
13  0.075800   2.64953   0.27504            -1.010    -1.570     1.010         1
14  0.075800   2.64953   0.27504            -0.120    -1.900    -0.520         1
