mobley_4013838	-11.007623	-11.47238	#systeme  DGsolv_calc  DGsolv_expt (kJ/mol)
22
#    charge    sigma(Ang)  epsilon(kJ/mol)  x         y         z        Zatomic
1 -0.086200   3.39967   1.91652             2.250     1.210     0.300         6
2 -0.161400   3.39967   1.91652             0.840     0.990    -0.250         6
3 -0.086200   3.39967   1.91652             0.040     2.280    -0.230         6
4  0.567401   3.39967   1.50658             0.110    -0.090     0.550         6
5 -0.527801   2.95992   3.67887             0.340    -0.280     1.740         8
6 -0.161400   3.39967   1.91652            -0.930    -0.910    -0.210         6
7 -0.086200   3.39967   1.91652            -2.050    -1.370     0.730         6
8 -0.086200   3.39967   1.91652            -0.250    -2.110    -0.860         6
9  0.042500   2.64953   0.27504             2.840     0.280     0.290         1
10  0.042500   2.64953   0.27504             2.210     1.570     1.330         1
11  0.042500   2.64953   0.27504             2.790     1.950    -0.300         1
12  0.059000   2.64953   0.27504             0.940     0.630    -1.280         1
13  0.042500   2.64953   0.27504            -0.970     2.120    -0.620         1
14  0.042500   2.64953   0.27504            -0.070     2.660     0.790         1
15  0.042500   2.64953   0.27504             0.520     3.050    -0.840         1
16  0.059000   2.64953   0.27504            -1.380    -0.280    -0.980         1
17  0.042500   2.64953   0.27504            -2.800    -1.960     0.180         1
18  0.042500   2.64953   0.27504            -1.660    -1.980     1.540         1
19  0.042500   2.64953   0.27504            -2.570    -0.510     1.180         1
20  0.042500   2.64953   0.27504            -0.970    -2.720    -1.420         1
21  0.042500   2.64953   0.27504             0.520    -1.780    -1.570         1
22  0.042500   2.64953   0.27504             0.220    -2.750    -0.120         1
