mobley_1903702	-13.168115	-19.34394	#systeme  DGsolv_calc  DGsolv_expt (kJ/mol)
15
#    charge    sigma(Ang)  epsilon(kJ/mol)  x         y         z        Zatomic
1 -0.089600   3.39967   1.91652             0.980    -0.030    -0.240         6
2 -0.073300   3.39967   1.91652             1.410     0.680    -1.510         6
3  0.138900   3.39967   1.91652             0.640     0.190    -2.740         6
4  0.028700   2.47135   0.27504             0.810    -0.890    -2.880         1
5 -0.130400   3.39967   1.91652             1.060     0.940    -3.990         6
6 -0.598801   3.06647   3.68587            -0.760     0.390    -2.530         8
7  0.037400   2.64953   0.27504             1.540     0.340     0.630         1
8  0.037400   2.64953   0.27504             1.130    -1.110    -0.310         1
9  0.037400   2.64953   0.27504            -0.090     0.140    -0.050         1
10  0.045200   2.64953   0.27504             2.480     0.520    -1.660         1
11  0.045200   2.64953   0.27504             1.250     1.750    -1.370         1
12  0.041700   2.64953   0.27504             0.510     0.590    -4.870         1
13  0.041700   2.64953   0.27504             0.900     2.020    -3.880         1
14  0.041700   2.64953   0.27504             2.120     0.770    -4.200         1
15  0.396800   0.00000   0.00000            -1.210     0.070    -3.320         1
