mobley_1075836	-15.290924	-12.26791	#systeme  DGsolv_calc  DGsolv_expt (kJ/mol)
14
#    charge    sigma(Ang)  epsilon(kJ/mol)  x         y         z        Zatomic
1 -0.092600   3.39967   1.91652            -0.870     0.550     0.370         6
2 -0.129700   3.39967   1.91652            -0.880     0.550     1.890         6
3  0.629701   3.39967   1.50658            -2.070     1.300     2.450         6
4 -0.536301   2.95992   3.67887            -2.940     1.840     1.780         8
5 -0.446200   3.00001   2.97813            -2.020     1.260     3.810         8
6  0.125500   3.39967   1.91652            -3.080     1.930     4.490         6
7  0.047900   2.64953   0.27504            -0.000     0.000    -0.010         1
8  0.047900   2.64953   0.27504            -1.780     0.070    -0.010         1
9  0.047900   2.64953   0.27504            -0.830     1.570    -0.020         1
10  0.077800   2.64953   0.27504             0.030     1.030     2.260         1
11  0.077800   2.64953   0.27504            -0.920    -0.480     2.260         1
12  0.050100   2.47135   0.27504            -2.930     1.840     5.570         1
13  0.050100   2.47135   0.27504            -4.030     1.480     4.190         1
14  0.050100   2.47135   0.27504            -3.060     2.980     4.210         1
