mobley_8789465	-13.486327	-25.9594	#systeme  DGsolv_calc  DGsolv_expt (kJ/mol)
13
#    charge    sigma(Ang)  epsilon(kJ/mol)  x         y         z        Zatomic
1 -0.078600   3.39967   1.50658             1.890    -1.040    -0.110         6
2 -0.169900   3.39967   1.50658             2.920    -1.630     0.610         6
3 -0.062700   3.39967   1.50658             2.880    -1.650     2.000         6
4 -0.063400   3.39967   1.50658             1.800    -1.080     2.680         6
5  0.163600   3.39967   1.50658             0.760    -0.480     1.960         6
6 -0.161800   3.39967   1.50658             0.810    -0.460     0.560         6
7 -0.491000   3.06647   3.68587            -0.310     0.090     2.580         8
8 -0.143800   3.83086   8.75920             1.780    -1.140     4.760        63
9  0.139000   2.59964   0.26278             1.920    -1.020    -1.200         1
10  0.139100   2.59964   0.26278             3.760    -2.080     0.080         1
11  0.144800   2.59964   0.26278             3.700    -2.120     2.540         1
12  0.154900   2.59964   0.26278             0.000    -0.000    -0.010         1
13  0.429800   0.00000   0.00000            -0.220     0.010     3.540         1
