mobley_7676709	-16.015275	-18.88337	#systeme  DGsolv_calc  DGsolv_expt (kJ/mol)
27
#    charge    sigma(Ang)  epsilon(kJ/mol)  x         y         z        Zatomic
1 -0.075700   3.39967   1.91652             0.420    -2.470     1.790         6
2 -0.038200   3.39967   1.50658             0.140    -1.290     0.910         6
3 -0.259300   3.39967   1.50658             1.130    -0.550     0.390         6
4  0.568001   3.39967   1.50658             0.840     0.580    -0.530         6
5 -0.537701   2.95992   3.67887             1.770     1.270    -0.940         8
6 -0.154000   3.39967   1.91652            -0.600     0.790    -0.980         6
7  0.072800   2.64953   0.27504            -0.760     0.110    -1.830         1
8 -0.073100   3.39967   1.91652            -1.550     0.440     0.150         6
9 -0.063000   3.39967   1.91652            -1.320    -0.990     0.660         6
10 -0.062800   3.39967   1.91652            -0.830     2.220    -1.460         6
11 -0.090300   3.39967   1.91652            -2.070     2.300    -2.350         6
12 -0.090300   3.39967   1.91652            -0.970     3.160    -0.270         6
13  0.051100   2.64953   0.27504             0.510    -3.380     1.180         1
14  0.051100   2.64953   0.27504            -0.390    -2.610     2.510         1
15  0.051100   2.64953   0.27504             1.350    -2.320     2.340         1
16  0.147800   2.59964   0.26278             2.170    -0.770     0.600         1
17  0.052500   2.64953   0.27504            -1.410     1.140     0.990         1
18  0.052500   2.64953   0.27504            -2.600     0.540    -0.170         1
19  0.057000   2.64953   0.27504            -1.890    -1.120     1.580         1
20  0.057000   2.64953   0.27504            -1.710    -1.710    -0.070         1
21  0.074100   2.64953   0.27504             0.040     2.530    -2.050         1
22  0.034900   2.64953   0.27504            -2.240     3.320    -2.700         1
23  0.034900   2.64953   0.27504            -2.960     1.960    -1.810         1
24  0.034900   2.64953   0.27504            -1.950     1.650    -3.230         1
25  0.034900   2.64953   0.27504            -1.130     4.190    -0.590         1
26  0.034900   2.64953   0.27504            -0.060     3.150     0.350         1
27  0.034900   2.64953   0.27504            -1.810     2.870     0.370         1
