mobley_1723043	12.883399	14.36141	#systeme  DGsolv_calc  DGsolv_expt (kJ/mol)
12
#    charge    sigma(Ang)  epsilon(kJ/mol)  x         y         z        Zatomic
1  0.345200   3.39967   1.50658             0.830    -0.690     0.000         6
2  0.345200   3.39967   1.50658            -0.280    -0.300     1.000         6
3  0.345200   3.39967   1.50658            -0.600     0.900     0.070         6
4  0.345200   3.39967   1.50658             0.050     0.090    -1.080         6
5 -0.172600   3.11815   1.06862             0.810     0.810    -1.940        10
6 -0.172600   3.11815   1.06862            -0.810    -0.640    -1.820        10
7 -0.172600   3.11815   1.06862             0.030     2.060     0.390        10
8 -0.172600   3.11815   1.06862            -1.910     1.190    -0.080        10
9 -0.172600   3.11815   1.06862            -1.280    -1.200     1.140        10
10 -0.172600   3.11815   1.06862             0.130     0.020     2.250        10
11 -0.172600   3.11815   1.06862             0.970    -2.020    -0.220        10
12 -0.172600   3.11815   1.06862             2.060    -0.210     0.290        10
