mobley_2484519	-7.293754	-8.08091	#systeme  DGsolv_calc  DGsolv_expt (kJ/mol)
15
#    charge    sigma(Ang)  epsilon(kJ/mol)  x         y         z        Zatomic
1 -0.119600   3.39967   1.50658             1.890    -1.040    -0.110         6
2 -0.131400   3.39967   1.50658             2.920    -1.630     0.610         6
3 -0.108600   3.39967   1.50658             2.880    -1.650     2.000         6
4 -0.104500   3.39967   1.50658             1.800    -1.080     2.680         6
5 -0.108600   3.39967   1.50658             0.760    -0.480     1.960         6
6 -0.131400   3.39967   1.50658             0.810    -0.460     0.560         6
7  0.084800   3.39967   1.91652             1.750    -1.100     4.170         6
8 -0.193600   3.47094   4.64238             2.540     0.340     4.840        18
9  0.132900   2.59964   0.26278             1.920    -1.020    -1.200         1
10  0.134200   2.59964   0.26278             3.760    -2.080     0.080         1
11  0.135600   2.59964   0.26278             3.690    -2.120     2.560         1
12  0.135600   2.59964   0.26278            -0.080    -0.040     2.470         1
13  0.134200   2.59964   0.26278            -0.000    -0.000     0.000         1
14  0.070200   2.47135   0.27504             2.270    -1.980     4.570         1
15  0.070200   2.47135   0.27504             0.720    -1.130     4.540         1
