mobley_2689721	6.293061	5.15001	#systeme  DGsolv_calc  DGsolv_expt (kJ/mol)
18
#    charge    sigma(Ang)  epsilon(kJ/mol)  x         y         z        Zatomic
1 -0.076100   3.39967   1.91652             0.330     0.230    -1.420         6
2 -0.075500   3.39967   1.91652            -1.010    -0.380    -1.000         6
3 -0.075500   3.39967   1.91652            -1.420     0.070     0.400         6
4 -0.075500   3.39967   1.91652            -0.330    -0.230     1.420         6
5 -0.075500   3.39967   1.91652             1.010     0.380     1.000         6
6 -0.075500   3.39967   1.91652             1.420    -0.070    -0.400         6
7  0.037800   2.64953   0.27504             0.220     1.310    -1.530         1
8  0.037800   2.64953   0.27504             0.620    -0.170    -2.400         1
9  0.037800   2.64953   0.27504            -1.790    -0.090    -1.720         1
10  0.037800   2.64953   0.27504            -0.940    -1.470    -1.030         1
11  0.037800   2.64953   0.27504            -1.630     1.140     0.390         1
12  0.037800   2.64953   0.27504            -2.350    -0.440     0.690         1
13  0.037800   2.64953   0.27504            -0.620     0.170     2.400         1
14  0.037800   2.64953   0.27504            -0.220    -1.310     1.530         1
15  0.037800   2.64953   0.27504             0.940     1.470     1.030         1
16  0.037800   2.64953   0.27504             1.790     0.090     1.720         1
17  0.037800   2.64953   0.27504             2.350     0.440    -0.690         1
18  0.037800   2.64953   0.27504             1.630    -1.140    -0.390         1
