mobley_5003962	-58.178365	-48.27611	#systeme  DGsolv_calc  DGsolv_expt (kJ/mol)
26
#    charge    sigma(Ang)  epsilon(kJ/mol)  x         y         z        Zatomic
1 -0.116500   3.39967   1.50658             1.290    -1.690    -0.350         6
2 -0.119900   3.39967   1.50658             0.960    -0.460     0.230         6
3 -0.087200   3.39967   1.50658             1.850     0.170     1.090         6
4 -0.129900   3.39967   1.50658             3.080    -0.430     1.380         6
5 -0.123400   3.39967   1.50658             3.420    -1.650     0.810         6
6 -0.089700   3.39967   1.50658             2.520    -2.280    -0.060         6
7  0.592201   3.39967   1.50658             4.710    -2.290     1.100         6
8 -0.536801   2.95992   3.67887             5.010    -3.370     0.600         8
9 -0.186900   3.39967   1.50658             5.650    -1.620     2.020         6
10 -0.039500   3.39967   1.50658             6.890    -2.210     2.320         6
11 -0.198800   3.39967   1.50658             7.780    -1.580     3.180         6
12  0.182800   3.39967   1.50658             7.440    -0.360     3.760         6
13 -0.162600   3.39967   1.50658             6.220     0.240     3.470         6
14 -0.079400   3.39967   1.50658             5.320    -0.390     2.600         6
15  0.584101   3.39967   1.50658             4.020     0.250     2.300         6
16 -0.527401   2.95992   3.67887             3.730     1.320     2.810         8
17 -0.840801   3.25000   2.97813             8.350     0.280     4.640         7
18  0.141000   2.59964   0.26278             0.590    -2.180    -1.020         1
19  0.140700   2.59964   0.26278            -0.000    -0.000     0.000         1
20  0.158900   2.59964   0.26278             1.570     1.120     1.530         1
21  0.159700   2.59964   0.26278             2.760    -3.240    -0.530         1
22  0.158400   2.59964   0.26278             7.170    -3.170     1.880         1
23  0.139800   2.59964   0.26278             8.730    -2.060     3.400         1
24  0.158200   2.59964   0.26278             5.970     1.190     3.930         1
25  0.411500   1.06908   0.27504             8.120     1.180     5.010         1
26  0.411500   1.06908   0.27504             9.240    -0.140     4.800         1
