mobley_8668219	10.990875	10.55124	#systeme  DGsolv_calc  DGsolv_expt (kJ/mol)
23
#    charge    sigma(Ang)  epsilon(kJ/mol)  x         y         z        Zatomic
1 -0.092600   3.39967   1.91652             2.990     0.420    -0.210         6
2 -0.077100   3.39967   1.91652             1.660    -0.320    -0.220         6
3 -0.057700   3.39967   1.91652             0.420     0.610    -0.130         6
4  0.042500   2.64953   0.27504             0.460     1.280    -0.990         1
5 -0.090800   3.39967   1.91652            -0.840    -0.240    -0.280         6
6 -0.061200   3.39967   1.91652             0.400     1.500     1.150         6
7 -0.090000   3.39967   1.91652            -0.820     2.420     1.240         6
8 -0.090000   3.39967   1.91652             0.510     0.670     2.430         6
9  0.032700   2.64953   0.27504             3.810    -0.300    -0.280         1
10  0.032700   2.64953   0.27504             3.080     1.100    -1.050         1
11  0.032700   2.64953   0.27504             3.120     0.990     0.720         1
12  0.038400   2.64953   0.27504             1.650    -1.010     0.630         1
13  0.038400   2.64953   0.27504             1.600    -0.950    -1.120         1
14  0.033400   2.64953   0.27504            -1.750     0.370    -0.220         1
15  0.033400   2.64953   0.27504            -0.860    -0.780    -1.230         1
16  0.033400   2.64953   0.27504            -0.910    -0.990     0.520         1
17  0.043800   2.64953   0.27504             1.290     2.150     1.120         1
18  0.033000   2.64953   0.27504            -0.800     3.030     2.150         1
19  0.033000   2.64953   0.27504            -1.750     1.830     1.270         1
20  0.033000   2.64953   0.27504            -0.900     3.090     0.380         1
21  0.033000   2.64953   0.27504             0.490     1.330     3.310         1
22  0.033000   2.64953   0.27504             1.460     0.120     2.460         1
23  0.033000   2.64953   0.27504            -0.310    -0.040     2.540         1
