mobley_5732611	-34.354335	-43.00049	#systeme  DGsolv_calc  DGsolv_expt (kJ/mol)
12
#    charge    sigma(Ang)  epsilon(kJ/mol)  x         y         z        Zatomic
1 -0.113700   3.39967   1.91652            -0.210     0.300     0.120         6
2  0.305000   3.39967   1.50658             0.660    -0.780    -0.360         6
3 -0.257900   3.39967   1.50658             1.950    -0.770    -0.830         6
4 -0.325800   3.25000   2.97813             2.350    -2.040    -1.180         7
5  0.388900   3.39967   1.50658             1.310    -2.800    -0.940         6
6 -0.668201   3.25000   2.97813             0.260    -2.080    -0.440         7
7  0.046100   2.64953   0.27504            -0.090     0.410     1.210         1
8  0.046100   2.64953   0.27504             0.040     1.250    -0.360         1
9  0.046100   2.64953   0.27504            -1.260     0.090    -0.100         1
10  0.175700   2.51055   0.26278             2.650     0.050    -0.940         1
11  0.298600   1.06908   0.27504             3.260    -2.300    -1.550         1
12  0.059100   2.42146   0.26278             1.280    -3.870    -1.100         1
