mobley_4792268	-37.904911	-25.79192	#systeme  DGsolv_calc  DGsolv_expt (kJ/mol)
17
#    charge    sigma(Ang)  epsilon(kJ/mol)  x         y         z        Zatomic
1 -0.091800   3.39967   1.91652            -2.890    -0.860     1.440         6
2 -0.088500   3.39967   1.91652            -1.440    -0.410     1.570         6
3 -0.076600   3.39967   1.91652            -0.600    -1.310     2.490         6
4 -0.180000   3.39967   1.91652             0.850    -0.850     2.610         6
5  0.624301   3.39967   1.50658             1.650    -1.760     3.520         6
6 -0.488800   2.95992   3.67887             1.210    -2.750     4.100         8
7 -0.581901   3.06647   3.68587             2.940    -1.350     3.620         8
8  0.036300   2.64953   0.27504            -3.440    -0.190     0.780         1
9  0.036300   2.64953   0.27504            -2.960    -1.870     1.020         1
10  0.036300   2.64953   0.27504            -3.390    -0.870     2.420         1
11  0.049800   2.64953   0.27504            -1.430     0.610     1.980         1
12  0.049800   2.64953   0.27504            -0.990    -0.360     0.580         1
13  0.046000   2.64953   0.27504            -1.070    -1.320     3.480         1
14  0.046000   2.64953   0.27504            -0.640    -2.340     2.120         1
15  0.079700   2.64953   0.27504             0.880     0.160     3.030         1
16  0.079700   2.64953   0.27504             1.330    -0.850     1.630         1
17  0.423400   0.00000   0.00000             3.160    -0.540     3.110         1
