mobley_6190089	-2.235858	-9.92319	#systeme  DGsolv_calc  DGsolv_expt (kJ/mol)
8
#    charge    sigma(Ang)  epsilon(kJ/mol)  x         y         z        Zatomic
1  0.122200   3.39967   1.91652            -0.440     0.010     0.640         6
2  0.122200   3.39967   1.91652             0.420     0.200    -0.620         6
3 -0.117800   3.47094   4.64238             1.600    -1.120    -0.870        18
4 -0.117800   3.47094   4.64238            -0.600     0.370    -2.080        18
5 -0.117800   3.47094   4.64238            -1.400    -1.490     0.610        18
6 -0.117800   3.47094   4.64238             0.570     0.040     2.120        18
7  0.113400   2.29317   0.27504            -1.150     0.840     0.740         1
8  0.113400   2.29317   0.27504             1.000     1.130    -0.540         1
