mobley_6854178	-15.035517	-8.45774	#systeme  DGsolv_calc  DGsolv_expt (kJ/mol)
14
#    charge    sigma(Ang)  epsilon(kJ/mol)  x         y         z        Zatomic
1 -0.106100   3.39967   1.91652             1.080     0.050     0.200         6
2  0.135800   3.39967   1.91652             1.350     0.920     1.410         6
3 -0.106100   3.39967   1.91652             2.840     1.040     1.700         6
4 -0.443900   3.00001   2.97813             0.810     2.220     1.190         8
5  0.631601   3.39967   1.50658             0.380     2.870     2.310         6
6 -0.541101   2.95992   3.67887             0.400     2.460     3.460         8
7  0.047300   2.64953   0.27504             0.000    -0.030     0.000         1
8  0.047300   2.64953   0.27504             1.560     0.470    -0.690         1
9  0.047300   2.64953   0.27504             1.480    -0.960     0.330         1
10  0.067600   2.47135   0.27504             0.850     0.500     2.290         1
11  0.047300   2.64953   0.27504             3.030     1.670     2.580         1
12  0.047300   2.64953   0.27504             3.360     1.480     0.840         1
13  0.047300   2.64953   0.27504             3.290     0.050     1.870         1
14  0.078400   2.42146   0.26278            -0.020     3.850     2.010         1
