mobley_9794857	-2.893217	-9.25327	#systeme  DGsolv_calc  DGsolv_expt (kJ/mol)
18
#    charge    sigma(Ang)  epsilon(kJ/mol)  x         y         z        Zatomic
1 -0.107900   3.39967   1.91652            -0.470    -0.070     0.990         6
2  0.147200   3.39967   1.91652             0.560    -0.400     2.070         6
3 -0.107900   3.39967   1.91652             1.630     0.690     2.160         6
4 -0.107900   3.39967   1.91652             1.200    -1.760     1.810         6
5 -0.418200   3.00001   2.97813            -0.110    -0.450     3.330         8
6  0.116500   3.39967   1.91652            -1.130    -1.430     3.340         6
7  0.042800   2.64953   0.27504            -1.230    -0.850     0.930         1
8  0.042800   2.64953   0.27504            -0.960     0.890     1.180         1
9  0.042800   2.64953   0.27504             0.010    -0.020     0.000         1
10  0.042800   2.64953   0.27504             2.370     0.460     2.930         1
11  0.042800   2.64953   0.27504             1.180     1.650     2.440         1
12  0.042800   2.64953   0.27504             2.150     0.820     1.210         1
13  0.042800   2.64953   0.27504             1.940    -2.000     2.590         1
14  0.042800   2.64953   0.27504             0.460    -2.560     1.780         1
15  0.042800   2.64953   0.27504             1.750    -1.760     0.860         1
16  0.031000   2.47135   0.27504            -1.620    -1.440     4.320         1
17  0.031000   2.47135   0.27504            -0.690    -2.410     3.130         1
18  0.031000   2.47135   0.27504            -1.860    -1.190     2.570         1
