mobley_20524	-23.895209	-27.6342	#systeme  DGsolv_calc  DGsolv_expt (kJ/mol)
13
#    charge    sigma(Ang)  epsilon(kJ/mol)  x         y         z        Zatomic
1 -0.165900   3.39967   1.50658             1.890    -1.040    -0.110         6
2 -0.094000   3.39967   1.50658             2.920    -1.630     0.610         6
3 -0.185200   3.39967   1.50658             2.880    -1.650     2.000         6
4  0.123000   3.39967   1.50658             1.800    -1.080     2.680         6
5 -0.185200   3.39967   1.50658             0.760    -0.480     1.960         6
6 -0.094000   3.39967   1.50658             0.810    -0.460     0.560         6
7 -0.498900   3.06647   3.68587             1.760    -1.100     4.040         8
8  0.132400   2.59964   0.26278             1.920    -1.020    -1.200         1
9  0.133700   2.59964   0.26278             3.760    -2.080     0.080         1
10  0.140900   2.59964   0.26278             3.690    -2.120     2.560         1
11  0.140900   2.59964   0.26278            -0.080    -0.040     2.470         1
12  0.133700   2.59964   0.26278            -0.000     0.000     0.000         1
13  0.418600   0.00000   0.00000             0.950    -0.660     4.360         1
