mobley_6338073	-38.817677	-27.96916	#systeme  DGsolv_calc  DGsolv_expt (kJ/mol)
35
#    charge    sigma(Ang)  epsilon(kJ/mol)  x         y         z        Zatomic
1 -0.127300   3.39967   1.91652             5.140    -5.160     2.050         6
2  0.205000   3.39967   1.91652             4.060    -4.180     2.330         6
3 -0.832401   3.25000   2.97813             3.480    -4.410     3.640         7
4  0.907301   3.39967   1.50658             2.430    -3.630     4.170         6
5 -0.830601   3.25000   2.97813             1.960    -2.630     3.410         7
6  0.891901   3.39967   1.50658             0.960    -1.940     3.980         6
7 -0.760601   3.25000   2.97813             0.430    -2.160     5.190         7
8  0.782201   3.39967   1.50658             0.990    -3.190     5.840         6
9 -0.767101   3.25000   2.97813             1.990    -3.970     5.400         7
10 -0.235400   3.56359   4.37960             0.350    -3.560     7.460        16
11 -0.065300   3.39967   1.91652             0.690    -1.990     8.290         6
12 -0.793601   3.25000   2.97813             0.430    -0.890     3.250         7
13  0.209800   3.39967   1.91652             0.890    -0.520     1.920         6
14 -0.105500   3.39967   1.91652             0.700    -1.700     0.970         6
15 -0.105500   3.39967   1.91652             0.080     0.680     1.430         6
16 -0.105500   3.39967   1.91652             2.380    -0.140     1.990         6
17  0.044700   2.64953   0.27504             5.580    -4.980     1.060         1
18  0.044700   2.64953   0.27504             5.930    -5.090     2.810         1
19  0.044700   2.64953   0.27504             4.740    -6.170     2.060         1
20  0.062200   2.47135   0.27504             3.260    -4.260     1.590         1
21  0.062200   2.47135   0.27504             4.440    -3.150     2.320         1
22  0.440900   1.06908   0.27504             3.850    -5.170     4.200         1
23  0.074900   2.47135   0.27504             0.350    -2.040     9.330         1
24  0.074900   2.47135   0.27504             0.170    -1.180     7.780         1
25  0.074900   2.47135   0.27504             1.760    -1.790     8.270         1
26  0.399000   1.06908   0.27504            -0.320    -0.350     3.660         1
27  0.045500   2.64953   0.27504             1.040    -1.450    -0.040         1
28  0.045500   2.64953   0.27504             1.270    -2.580     1.310         1
29  0.045500   2.64953   0.27504            -0.350    -1.990     0.900         1
30  0.045500   2.64953   0.27504             0.400     0.990     0.430         1
31  0.045500   2.64953   0.27504             0.200     1.550     2.090         1
32  0.045500   2.64953   0.27504            -0.990     0.450     1.380         1
33  0.045500   2.64953   0.27504             2.760     0.150     1.000         1
34  0.045500   2.64953   0.27504             2.550     0.700     2.680         1
35  0.045500   2.64953   0.27504             2.980    -0.990     2.340         1
