mobley_4884177	-12.414455	-19.21833	#systeme  DGsolv_calc  DGsolv_expt (kJ/mol)
17
#    charge    sigma(Ang)  epsilon(kJ/mol)  x         y         z        Zatomic
1 -0.090200   3.39967   1.91652             2.670     0.940     4.560         6
2 -0.034900   3.39967   1.91652             2.880    -0.270     3.650         6
3 -0.191900   3.39967   1.50658             1.650    -0.620     2.900         6
4 -0.093700   3.39967   1.50658             1.390    -0.070     1.650         6
5 -0.243700   3.39967   1.50658             0.230    -0.420     0.970         6
6  0.388700   3.39967   1.50658            -0.630    -1.320     1.580         6
7 -0.663401   3.25000   2.97813            -0.410    -1.880     2.790         7
8  0.395800   3.39967   1.50658             0.730    -1.520     3.420         6
9  0.037800   2.64953   0.27504             3.580     1.190     5.100         1
10  0.037800   2.64953   0.27504             1.880     0.720     5.290         1
11  0.037800   2.64953   0.27504             2.370     1.820     3.980         1
12  0.048600   2.64953   0.27504             3.220    -1.130     4.250         1
13  0.048600   2.64953   0.27504             3.700    -0.060     2.950         1
14  0.137500   2.59964   0.26278             2.080     0.640     1.200         1
15  0.142600   2.59964   0.26278            -0.000    -0.000    -0.000         1
16  0.020800   2.51055   0.26278            -1.550    -1.630     1.090         1
17  0.021800   2.51055   0.26278             0.880    -1.980     4.390         1
