mobley_8221999	-9.575669	-15.24068	#systeme  DGsolv_calc  DGsolv_expt (kJ/mol)
12
#    charge    sigma(Ang)  epsilon(kJ/mol)  x         y         z        Zatomic
1 -0.094800   3.39967   1.91652            -0.020     0.200    -1.080         6
2 -0.079700   3.39967   1.91652            -1.180     1.110    -1.440         6
3 -0.022600   3.39967   1.91652            -1.100     2.450    -0.730         6
4  0.210100   3.39967   3.67887            -2.230     3.320    -1.090         6
5 -0.376600   3.25000   2.97813            -3.120     4.000    -1.370         7
6  0.038400   2.64953   0.27504            -0.090    -0.760    -1.590         1
7  0.038400   2.64953   0.27504             0.940     0.670    -1.340         1
8  0.038400   2.64953   0.27504            -0.010     0.010     0.000         1
9  0.051300   2.64953   0.27504            -1.200     1.260    -2.530         1
10  0.051300   2.64953   0.27504            -2.120     0.600    -1.180         1
11  0.072900   2.64953   0.27504            -0.160     2.950    -0.990         1
12  0.072900   2.64953   0.27504            -1.090     2.300     0.360         1
