mobley_7047032	3.458462	4.56383	#systeme  DGsolv_calc  DGsolv_expt (kJ/mol)
14
#    charge    sigma(Ang)  epsilon(kJ/mol)  x         y         z        Zatomic
1 -0.099000   3.39967   1.91652             0.780     0.210    -0.750         6
2  0.080000   3.39967   1.91652             0.560     1.580    -1.400         6
3 -0.099000   3.39967   1.91652            -0.810     1.640    -2.070         6
4 -0.099000   3.39967   1.91652             1.670     1.860    -2.420         6
5 -0.215000   3.47094   4.64238             0.630     2.840    -0.120        18
6  0.048000   2.64953   0.27504             1.750     0.150    -0.260         1
7  0.048000   2.64953   0.27504             0.010     0.010     0.010         1
8  0.048000   2.64953   0.27504             0.720    -0.590    -1.490         1
9  0.048000   2.64953   0.27504            -0.980     2.620    -2.540         1
10  0.048000   2.64953   0.27504            -0.920     0.870    -2.840         1
11  0.048000   2.64953   0.27504            -1.610     1.490    -1.340         1
12  0.048000   2.64953   0.27504             1.530     2.840    -2.900         1
13  0.048000   2.64953   0.27504             1.690     1.100    -3.210         1
14  0.048000   2.64953   0.27504             2.650     1.860    -1.940         1
