mobley_36119	-11.26303	-17.12483	#systeme  DGsolv_calc  DGsolv_expt (kJ/mol)
27
#    charge    sigma(Ang)  epsilon(kJ/mol)  x         y         z        Zatomic
1 -0.091800   3.39967   1.91652             2.580     3.140    -2.390         6
2 -0.080400   3.39967   1.91652             2.120     1.740    -2.760         6
3 -0.078800   3.39967   1.91652             0.980     1.780    -3.780         6
4 -0.078600   3.39967   1.91652             0.520     0.360    -4.150         6
5 -0.078300   3.39967   1.91652            -0.620     0.340    -5.170         6
6 -0.078200   3.39967   1.91652            -1.080    -1.070    -5.540         6
7 -0.083300   3.39967   1.91652            -2.220    -1.030    -6.560         6
8  0.131400   3.39967   1.91652            -2.680    -2.440    -6.940         6
9 -0.602301   3.06647   3.68587            -3.730    -2.330    -7.880         8
10  0.032900   2.64953   0.27504             3.390     3.100    -1.660         1
11  0.032900   2.64953   0.27504             1.760     3.720    -1.960         1
12  0.032900   2.64953   0.27504             2.940     3.670    -3.280         1
13  0.037500   2.64953   0.27504             1.790     1.220    -1.860         1
14  0.037500   2.64953   0.27504             2.970     1.180    -3.170         1
15  0.039700   2.64953   0.27504             0.140     2.350    -3.370         1
16  0.039700   2.64953   0.27504             1.320     2.300    -4.690         1
17  0.038900   2.64953   0.27504             0.210    -0.170    -3.250         1
18  0.038900   2.64953   0.27504             1.370    -0.190    -4.580         1
19  0.041600   2.64953   0.27504            -1.470     0.920    -4.790         1
20  0.041600   2.64953   0.27504            -0.270     0.850    -6.080         1
21  0.039300   2.64953   0.27504            -1.420    -1.600    -4.650         1
22  0.039300   2.64953   0.27504            -0.240    -1.640    -5.950         1
23  0.055200   2.64953   0.27504            -1.900    -0.510    -7.470         1
24  0.055200   2.64953   0.27504            -3.060    -0.460    -6.170         1
25  0.019400   2.47135   0.27504            -1.860    -3.010    -7.380         1
26  0.019400   2.47135   0.27504            -3.050    -2.970    -6.060         1
27  0.398400   0.00000   0.00000            -4.010    -3.240    -8.100         1
