mobley_6861308	-49.44847	-38.22731	#systeme  DGsolv_calc  DGsolv_expt (kJ/mol)
24
#    charge    sigma(Ang)  epsilon(kJ/mol)  x         y         z        Zatomic
1  0.088300   3.39967   1.91652             0.680    -0.720    -0.230         6
2 -0.481600   3.25000   2.97813             1.830     0.080    -0.620         7
3  0.088300   3.39967   1.91652             1.590     1.450    -1.070         6
4  0.789301   3.39967   1.50658             3.110    -0.520    -0.530         6
5 -0.589301   2.95992   3.67887             3.260    -1.680    -0.150         8
6 -0.531001   3.25000   2.97813             4.150     0.310    -0.950         7
7  0.113300   3.39967   1.50658             5.380    -0.070    -1.540         6
8 -0.196600   3.39967   1.50658             6.320     0.900    -1.890         6
9 -0.088600   3.39967   1.50658             7.530     0.520    -2.470         6
10 -0.176500   3.39967   1.50658             7.810    -0.830    -2.690         6
11 -0.088600   3.39967   1.50658             6.870    -1.800    -2.340         6
12 -0.196600   3.39967   1.50658             5.660    -1.420    -1.760         6
13  0.045300   2.47135   0.27504             0.290    -1.260    -1.100         1
14  0.045300   2.47135   0.27504            -0.110    -0.080     0.170         1
15  0.045300   2.47135   0.27504             0.960    -1.450     0.540         1
16  0.045300   2.47135   0.27504             1.620     2.110    -0.210         1
17  0.045300   2.47135   0.27504             0.610     1.500    -1.540         1
18  0.045300   2.47135   0.27504             2.350     1.730    -1.780         1
19  0.334400   1.06908   0.27504             4.010     1.310    -0.890         1
20  0.135000   2.59964   0.26278             6.120     1.950    -1.720         1
21  0.130300   2.59964   0.26278             8.260     1.270    -2.740         1
22  0.132800   2.59964   0.26278             8.750    -1.130    -3.150         1
23  0.130300   2.59964   0.26278             7.080    -2.850    -2.520         1
24  0.135000   2.59964   0.26278             4.930    -2.190    -1.490         1
