mobley_6353617	-32.842828	-34.58462	#systeme  DGsolv_calc  DGsolv_expt (kJ/mol)
16
#    charge    sigma(Ang)  epsilon(kJ/mol)  x         y         z        Zatomic
1 -0.198200   3.39967   1.91652             3.430    -1.320     4.540         6
2  0.581101   3.39967   1.50658             2.860    -0.280     3.630         6
3 -0.529001   2.95992   3.67887             3.430     0.810     3.560         8
4 -0.291000   3.39967   1.50658             1.650    -0.620     2.900         6
5 -0.042000   3.39967   1.50658             1.390    -0.070     1.650         6
6 -0.256500   3.39967   1.50658             0.230    -0.420     0.970         6
7  0.415600   3.39967   1.50658            -0.630    -1.320     1.580         6
8 -0.670701   3.25000   2.97813            -0.410    -1.880     2.790         7
9  0.429200   3.39967   1.50658             0.730    -1.520     3.420         6
10  0.067300   2.64953   0.27504             3.040    -1.280     5.570         1
11  0.067300   2.64953   0.27504             4.530    -1.280     4.610         1
12  0.067300   2.64953   0.27504             3.200    -2.350     4.210         1
13  0.158600   2.59964   0.26278             2.080     0.640     1.200         1
14  0.149600   2.59964   0.26278            -0.000    -0.000     0.000         1
15  0.026200   2.51055   0.26278            -1.550    -1.630     1.090         1
16  0.025200   2.51055   0.26278             0.880    -1.980     4.390         1
