mobley_3144334	-20.993618	-24.74517	#systeme  DGsolv_calc  DGsolv_expt (kJ/mol)
19
#    charge    sigma(Ang)  epsilon(kJ/mol)  x         y         z        Zatomic
1 -0.056300   3.39967   1.91652             1.930    -1.010    -1.600         6
2 -0.043400   3.39967   1.50658             1.890    -1.040    -0.110         6
3 -0.161000   3.39967   1.50658             2.920    -1.630     0.610         6
4 -0.098300   3.39967   1.50658             2.880    -1.650     2.000         6
5 -0.103500   3.39967   1.50658             1.800    -1.080     2.680         6
6  0.125400   3.39967   1.50658             0.760    -0.480     1.960         6
7 -0.212100   3.39967   1.50658             0.810    -0.460     0.560         6
8 -0.499700   3.06647   3.68587            -0.300     0.080     2.600         8
9 -0.043700   3.39967   1.91652             1.770    -1.110     4.170         6
10  0.045100   2.64953   0.27504             2.440    -0.110    -1.950         1
11  0.045100   2.64953   0.27504             2.460    -1.890    -1.990         1
12  0.045100   2.64953   0.27504             0.920    -1.040    -2.030         1
13  0.133100   2.59964   0.26278             3.770    -2.080     0.090         1
14  0.133500   2.59964   0.26278             3.690    -2.120     2.560         1
15  0.132400   2.59964   0.26278            -0.000     0.000     0.000         1
16  0.417600   0.00000   0.00000            -0.920     0.450     1.950         1
17  0.046900   2.64953   0.27504             2.260    -0.220     4.580         1
18  0.046900   2.64953   0.27504             0.740    -1.150     4.540         1
19  0.046900   2.64953   0.27504             2.280    -2.000     4.560         1
