mobley_197466	-12.741041	-19.30207	#systeme  DGsolv_calc  DGsolv_expt (kJ/mol)
14
#    charge    sigma(Ang)  epsilon(kJ/mol)  x         y         z        Zatomic
1 -0.198600   3.39967   1.91652             0.140    -2.610     1.390         6
2  0.591501   3.39967   1.50658            -0.820    -1.600     0.830         6
3 -0.527501   2.95992   3.67887            -2.030    -1.800     0.790         8
4 -0.237100   3.39967   1.50658            -0.240    -0.340     0.340         6
5 -0.115400   3.39967   1.50658             0.920    -0.400    -0.620         6
6 -0.115400   3.39967   1.50658            -0.420     0.040    -1.100         6
7  0.064000   2.64953   0.27504             0.470    -3.280     0.590         1
8  0.064000   2.64953   0.27504             0.990    -2.110     1.850         1
9  0.064000   2.64953   0.27504            -0.370    -3.210     2.160         1
10  0.105300   2.64953   0.27504            -0.230     0.470     1.060         1
11  0.076300   2.64953   0.27504             1.700     0.350    -0.540         1
12  0.076300   2.64953   0.27504             1.280    -1.370    -0.930         1
13  0.076300   2.64953   0.27504            -0.550     1.090    -1.350         1
14  0.076300   2.64953   0.27504            -0.980    -0.640    -1.740         1
