mobley_3414356	-11.635673	-16.41304	#systeme  DGsolv_calc  DGsolv_expt (kJ/mol)
21
#    charge    sigma(Ang)  epsilon(kJ/mol)  x         y         z        Zatomic
1 -0.092100   3.39967   1.91652             1.090    -0.160    -0.530         6
2 -0.078600   3.39967   1.91652             0.860    -1.140    -1.670         6
3 -0.063100   3.39967   1.91652             0.410    -2.510    -1.140         6
4  0.148700   3.39967   1.91652             0.150    -3.570    -2.240         6
5 -0.123600   3.39967   1.91652            -0.290    -4.880    -1.590         6
6 -0.123600   3.39967   1.91652             1.380    -3.810    -3.110         6
7 -0.597301   3.06647   3.68587            -0.910    -3.100    -3.070         8
8  0.031700   2.64953   0.27504             1.410     0.820    -0.920         1
9  0.031700   2.64953   0.27504             1.850    -0.530     0.160         1
10  0.031700   2.64953   0.27504             0.160    -0.010     0.030         1
11  0.047300   2.64953   0.27504             0.110    -0.730    -2.350         1
12  0.047300   2.64953   0.27504             1.790    -1.250    -2.240         1
13  0.045800   2.64953   0.27504             1.150    -2.890    -0.430         1
14  0.045800   2.64953   0.27504            -0.520    -2.360    -0.580         1
15  0.042000   2.64953   0.27504            -0.480    -5.650    -2.350         1
16  0.042000   2.64953   0.27504            -1.240    -4.750    -1.040         1
17  0.042000   2.64953   0.27504             0.460    -5.260    -0.890         1
18  0.042000   2.64953   0.27504             1.190    -4.560    -3.880         1
19  0.042000   2.64953   0.27504             2.220    -4.200    -2.520         1
20  0.042000   2.64953   0.27504             1.720    -2.880    -3.600         1
21  0.396300   0.00000   0.00000            -1.050    -3.790    -3.740         1
