mobley_8883511	-19.067598	-16.45491	#systeme  DGsolv_calc  DGsolv_expt (kJ/mol)
17
#    charge    sigma(Ang)  epsilon(kJ/mol)  x         y         z        Zatomic
1 -0.064800   3.39967   1.91652             1.960    -1.030    -1.600         6
2 -0.033900   3.39967   1.50658             1.890    -1.040    -0.110         6
3 -0.145000   3.39967   1.50658             2.920    -1.630     0.610         6
4 -0.098800   3.39967   1.50658             2.880    -1.650     2.000         6
5 -0.146700   3.39967   1.50658             1.800    -1.080     2.680         6
6 -0.073300   3.39967   1.50658             0.760    -0.480     1.960         6
7 -0.193600   3.39967   1.50658             0.810    -0.460     0.560         6
8  0.575101   3.39967   1.50658            -0.290     0.170    -0.170         6
9 -0.525401   2.95992   3.67887            -1.450     0.200     0.260         8
10  0.049600   2.64953   0.27504             2.470    -0.130    -1.950         1
11  0.049600   2.64953   0.27504             2.500    -1.910    -1.980         1
12  0.049600   2.64953   0.27504             0.950    -1.050    -2.040         1
13  0.135500   2.59964   0.26278             3.770    -2.080     0.090         1
14  0.134800   2.59964   0.26278             3.680    -2.120     2.560         1
15  0.137400   2.59964   0.26278             1.770    -1.100     3.760         1
16  0.150200   2.59964   0.26278            -0.070    -0.040     2.490         1
17 -0.000300   2.51055   0.26278            -0.050     0.630    -1.150         1
