mobley_2310185	-14.210678	-20.935	#systeme  DGsolv_calc  DGsolv_expt (kJ/mol)
9
#    charge    sigma(Ang)  epsilon(kJ/mol)  x         y         z        Zatomic
1 -0.096900   3.39967   1.91652             1.060    -0.270    -0.000         6
2  0.129800   3.39967   1.91652             1.910     0.910    -0.420         6
3 -0.599401   3.06647   3.68587             1.520     1.320    -1.720         8
4  0.044800   2.64953   0.27504             1.340    -0.610     1.000         1
5  0.044800   2.64953   0.27504            -0.000    -0.000    -0.000         1
6  0.044800   2.64953   0.27504             1.180    -1.100    -0.700         1
7  0.017100   2.47135   0.27504             2.970     0.640    -0.450         1
8  0.017100   2.47135   0.27504             1.770     1.750     0.270         1
9  0.397900   0.00000   0.00000             2.080     2.080    -1.960         1
