mobley_1592519	-12.263723	-9.33701	#systeme  DGsolv_calc  DGsolv_expt (kJ/mol)
26
#    charge    sigma(Ang)  epsilon(kJ/mol)  x         y         z        Zatomic
1 -0.094400   3.39967   1.91652             0.040     1.060     0.140         6
2 -0.084500   3.39967   1.91652            -0.160     1.440     1.600         6
3 -0.081800   3.39967   1.91652             0.920     0.820     2.490         6
4 -0.074500   3.39967   1.91652             0.710     1.200     3.960         6
5 -0.128500   3.39967   1.91652             1.780     0.600     4.880         6
6  0.637201   3.39967   1.50658             1.600     0.970     6.330         6
7 -0.537601   2.95992   3.67887             0.690     1.670     6.770         8
8 -0.453900   3.00001   2.97813             2.610     0.420     7.060         8
9  0.140100   3.39967   1.91652             2.580     0.700     8.470         6
10 -0.105700   3.39967   1.91652             3.770     0.020     9.120         6
11  0.032700   2.64953   0.27504            -0.740     1.510    -0.480         1
12  0.032700   2.64953   0.27504             1.010     1.410    -0.220         1
13  0.032700   2.64953   0.27504             0.000    -0.020     0.020         1
14  0.042800   2.64953   0.27504            -1.150     1.090     1.930         1
15  0.042800   2.64953   0.27504            -0.150     2.530     1.700         1
16  0.044400   2.64953   0.27504             0.910    -0.270     2.380         1
17  0.044400   2.64953   0.27504             1.910     1.170     2.160         1
18  0.054200   2.64953   0.27504             0.750     2.300     4.050         1
19  0.054200   2.64953   0.27504            -0.280     0.890     4.290         1
20  0.078500   2.64953   0.27504             1.790    -0.490     4.780         1
21  0.078500   2.64953   0.27504             2.770     0.980     4.570         1
22  0.052800   2.47135   0.27504             2.630     1.780     8.600         1
23  0.052800   2.47135   0.27504             1.640     0.330     8.870         1
24  0.046700   2.64953   0.27504             3.780     0.220    10.190         1
25  0.046700   2.64953   0.27504             3.730    -1.060     8.960         1
26  0.046700   2.64953   0.27504             4.710     0.380     8.680         1
