mobley_9565165	-17.874303	-14.02645	#systeme  DGsolv_calc  DGsolv_expt (kJ/mol)
23
#    charge    sigma(Ang)  epsilon(kJ/mol)  x         y         z        Zatomic
1 -0.126300   3.39967   1.50658            -4.960    -4.070     3.830         6
2 -0.133100   3.39967   1.50658            -5.000    -2.670     3.700         6
3 -0.103300   3.39967   1.50658            -4.020    -1.990     2.960         6
4 -0.041100   3.39967   1.50658            -3.020    -2.740     2.360         6
5 -0.084300   3.39967   1.50658            -2.990    -4.140     2.490         6
6 -0.118000   3.39967   1.50658            -3.950    -4.820     3.220         6
7  0.004300   3.39967   1.91652            -1.810    -4.720     1.750         6
8 -0.084300   3.39967   1.50658            -1.170    -3.480     1.170         6
9 -0.041100   3.39967   1.50658            -1.900    -2.330     1.550         6
10 -0.103300   3.39967   1.50658            -1.490    -1.070     1.130         6
11 -0.133100   3.39967   1.50658            -0.340    -0.980     0.340         6
12 -0.126300   3.39967   1.50658             0.380    -2.120    -0.030         6
13 -0.118000   3.39967   1.50658            -0.030    -3.390     0.390         6
14  0.130800   2.59964   0.26278            -5.730    -4.570     4.410         1
15  0.130300   2.59964   0.26278            -5.790    -2.110     4.180         1
16  0.135850   2.59964   0.26278            -4.060    -0.910     2.870         1
17  0.134100   2.59964   0.26278            -3.930    -5.900     3.320         1
18  0.072900   2.64953   0.27504            -1.130    -5.230     2.440         1
19  0.072900   2.64953   0.27504            -2.140    -5.390     0.950         1
20  0.135850   2.59964   0.26278            -2.030    -0.170     1.410         1
21  0.130300   2.59964   0.26278            -0.000    -0.000    -0.000         1
22  0.130800   2.59964   0.26278             1.270    -2.020    -0.650         1
23  0.134100   2.59964   0.26278             0.530    -4.280     0.100         1
