mobley_2078467	-45.458259	-29.309	#systeme  DGsolv_calc  DGsolv_expt (kJ/mol)
33
#    charge    sigma(Ang)  epsilon(kJ/mol)  x         y         z        Zatomic
1 -0.087200   3.39967   1.91652            -3.250     2.300    -4.310         6
2 -0.054000   3.39967   1.91652            -2.980     3.530    -3.440         6
3  0.085000   2.64953   0.27504            -3.950     4.020    -3.240         1
4 -0.090400   3.39967   1.50658            -2.390     3.180    -2.110         6
5 -0.109400   3.39967   1.50658            -1.170     2.510    -2.050         6
6 -0.126500   3.39967   1.50658            -0.620     2.180    -0.810         6
7 -0.064800   3.39967   1.50658            -1.290     2.520     0.360         6
8 -0.126500   3.39967   1.50658            -2.510     3.190     0.300         6
9 -0.109400   3.39967   1.50658            -3.060     3.520    -0.940         6
10 -0.036100   3.39967   1.91652            -0.690     2.160     1.700         6
11 -0.061900   3.39967   1.91652             0.230     3.250     2.290         6
12 -0.092300   3.39967   1.91652            -0.510     4.580     2.500         6
13 -0.092300   3.39967   1.91652             0.830     2.770     3.610         6
14  0.634301   3.39967   1.50658            -2.120     4.520    -4.190         6
15 -0.539001   2.95992   3.67887            -1.290     4.240    -5.040         8
16 -0.613401   3.06647   3.68587            -2.370     5.810    -3.810         8
17  0.050400   2.64953   0.27504            -2.330     1.750    -4.540         1
18  0.050400   2.64953   0.27504            -3.940     1.600    -3.810         1
19  0.050400   2.64953   0.27504            -3.700     2.590    -5.260         1
20  0.132200   2.59964   0.26278            -0.640     2.230    -2.960         1
21  0.133900   2.59964   0.26278             0.330     1.650    -0.770         1
22  0.133900   2.59964   0.26278            -3.040     3.460     1.210         1
23  0.132200   2.59964   0.26278            -4.010     4.040    -0.980         1
24  0.047400   2.64953   0.27504            -1.490     1.930     2.420         1
25  0.047400   2.64953   0.27504            -0.130     1.230     1.580         1
26  0.051500   2.64953   0.27504             1.070     3.430     1.590         1
27  0.035300   2.64953   0.27504             0.160     5.340     2.910         1
28  0.035300   2.64953   0.27504            -1.350     4.460     3.180         1
29  0.035300   2.64953   0.27504            -0.900     4.950     1.550         1
30  0.035300   2.64953   0.27504             1.490     3.540     4.040         1
31  0.035300   2.64953   0.27504             0.040     2.560     4.340         1
32  0.035300   2.64953   0.27504             1.420     1.860     3.470         1
33  0.442400   0.00000   0.00000            -3.050     5.920    -3.120         1
