mobley_2316618	-56.939013	-59.49727	#systeme  DGsolv_calc  DGsolv_expt (kJ/mol)
33
#    charge    sigma(Ang)  epsilon(kJ/mol)  x         y         z        Zatomic
1 -0.119700   3.39967   1.50658             1.290    -1.690    -0.350         6
2 -0.117500   3.39967   1.50658             0.960    -0.460     0.230         6
3 -0.087500   3.39967   1.50658             1.850     0.170     1.090         6
4 -0.127600   3.39967   1.50658             3.080    -0.430     1.380         6
5 -0.128100   3.39967   1.50658             3.420    -1.650     0.810         6
6 -0.085800   3.39967   1.50658             2.520    -2.280    -0.060         6
7  0.582901   3.39967   1.50658             4.710    -2.290     1.100         6
8 -0.524201   2.95992   3.67887             5.010    -3.370     0.600         8
9 -0.077200   3.39967   1.50658             5.650    -1.620     2.020         6
10 -0.147900   3.39967   1.50658             6.890    -2.210     2.320         6
11 -0.066500   3.39967   1.50658             7.780    -1.580     3.180         6
12 -0.205800   3.39967   1.50658             7.440    -0.360     3.760         6
13  0.257900   3.39967   1.50658             6.220     0.240     3.470         6
14 -0.224100   3.39967   1.50658             5.320    -0.390     2.600         6
15  0.602701   3.39967   1.50658             4.020     0.250     2.300         6
16 -0.574701   2.95992   3.67887             3.690     1.320     2.790         8
17 -0.777201   3.25000   2.97813             5.950     1.480     4.090         7
18  0.179600   3.39967   1.91652             6.870     2.110     4.980         6
19  0.098200   3.39967   1.91652             6.320     3.450     5.510         6
20 -0.590101   3.06647   3.68587             5.100     3.190     6.210         8
21  0.139700   2.59964   0.26278             0.590    -2.180    -1.030         1
22  0.141100   2.59964   0.26278             0.000     0.000    -0.000         1
23  0.162000   2.59964   0.26278             1.560     1.120     1.530         1
24  0.159000   2.59964   0.26278             2.760    -3.240    -0.530         1
25  0.161000   2.59964   0.26278             7.170    -3.170     1.880         1
26  0.140200   2.59964   0.26278             8.730    -2.050     3.410         1
27  0.136500   2.59964   0.26278             8.150     0.120     4.430         1
28  0.473200   1.06908   0.27504             5.070     1.910     3.890         1
29  0.056200   2.47135   0.27504             7.840     2.300     4.470         1
30  0.056200   2.47135   0.27504             7.090     1.460     5.860         1
31  0.055500   2.47135   0.27504             6.090     4.150     4.700         1
32  0.055500   2.47135   0.27504             7.030     3.910     6.200         1
33  0.396500   0.00000   0.00000             4.780     4.050     6.530         1
