mobley_3167746	12.929456	12.05856	#systeme  DGsolv_calc  DGsolv_expt (kJ/mol)
26
#    charge    sigma(Ang)  epsilon(kJ/mol)  x         y         z        Zatomic
1 -0.092300   3.39967   1.91652             0.580    -1.010     0.870         6
2 -0.080000   3.39967   1.91652             0.280    -0.490     2.260         6
3 -0.079300   3.39967   1.91652             0.890     0.900     2.480         6
4 -0.078400   3.39967   1.91652             0.610     1.470     3.870         6
5 -0.078400   3.39967   1.91652             1.230     2.860     4.090         6
6 -0.079300   3.39967   1.91652             0.920     3.390     5.490         6
7 -0.080000   3.39967   1.91652             1.530     4.770     5.720         6
8 -0.092100   3.39967   1.91652             1.220     5.290     7.110         6
9  0.032500   2.64953   0.27504             0.140    -2.000     0.720         1
10  0.032500   2.64953   0.27504             0.190    -0.340     0.100         1
11  0.032500   2.64953   0.27504             1.660    -1.100     0.720         1
12  0.037900   2.64953   0.27504            -0.810    -0.450     2.390         1
13  0.037900   2.64953   0.27504             0.670    -1.190     3.000         1
14  0.038900   2.64953   0.27504             1.980     0.830     2.350         1
15  0.038900   2.64953   0.27504             0.520     1.590     1.710         1
16  0.039400   2.64953   0.27504            -0.470     1.520     4.040         1
17  0.039400   2.64953   0.27504             1.020     0.780     4.610         1
18  0.039400   2.64953   0.27504             0.830     3.570     3.350         1
19  0.039400   2.64953   0.27504             2.310     2.810     3.950         1
20  0.038900   2.64953   0.27504             1.310     2.690     6.240         1
21  0.038900   2.64953   0.27504            -0.170     3.440     5.640         1
22  0.037900   2.64953   0.27504             1.140     5.470     4.970         1
23  0.037900   2.64953   0.27504             2.610     4.720     5.580         1
24  0.032500   2.64953   0.27504             1.670     6.290     7.250         1
25  0.032500   2.64953   0.27504             1.630     4.630     7.880         1
26  0.032500   2.64953   0.27504             0.140     5.380     7.270         1
