mobley_2049967	1.616182	-6.2805	#systeme  DGsolv_calc  DGsolv_expt (kJ/mol)
12
#    charge    sigma(Ang)  epsilon(kJ/mol)  x         y         z        Zatomic
1 -0.081000   3.39967   1.91652             0.440    -0.350     0.940         6
2 -0.013600   3.39967   1.91652             1.850    -0.870     0.730         6
3 -0.294400   3.56359   4.37960             2.930     0.450     0.090        16
4 -0.040100   3.39967   1.91652             4.460    -0.500    -0.020         6
5  0.045000   2.64953   0.27504            -0.220    -1.130     1.330         1
6  0.045000   2.64953   0.27504             0.420     0.500     1.630         1
7  0.045000   2.64953   0.27504             0.030    -0.010    -0.020         1
8  0.054500   2.47135   0.27504             1.850    -1.700     0.020         1
9  0.054500   2.47135   0.27504             2.260    -1.230     1.680         1
10  0.061700   2.47135   0.27504             5.260     0.140    -0.400         1
11  0.061700   2.47135   0.27504             4.320    -1.350    -0.700         1
12  0.061700   2.47135   0.27504             4.740    -0.880     0.970         1
