mobley_9883303	11.76547	11.34677	#systeme  DGsolv_calc  DGsolv_expt (kJ/mol)
23
#    charge    sigma(Ang)  epsilon(kJ/mol)  x         y         z        Zatomic
1 -0.092100   3.39967   1.91652             0.020     0.620    -0.850         6
2 -0.080200   3.39967   1.91652             0.540    -0.130    -2.070         6
3 -0.072700   3.39967   1.91652             1.980    -0.600    -1.860         6
4 -0.062500   3.39967   1.91652             2.600    -1.370    -3.040         6
5  0.042800   2.64953   0.27504             3.620    -1.640    -2.740         1
6 -0.090700   3.39967   1.91652             2.710    -0.490    -4.290         6
7 -0.076900   3.39967   1.91652             1.870    -2.680    -3.410         6
8 -0.092400   3.39967   1.91652             1.820    -3.690    -2.280         6
9  0.032100   2.64953   0.27504            -1.010     0.960    -1.010         1
10  0.032100   2.64953   0.27504             0.630     1.500    -0.640         1
11  0.032100   2.64953   0.27504             0.040    -0.020     0.030         1
12  0.039500   2.64953   0.27504            -0.120    -0.990    -2.260         1
13  0.039500   2.64953   0.27504             0.470     0.530    -2.940         1
14  0.037700   2.64953   0.27504             2.610     0.270    -1.630         1
15  0.037700   2.64953   0.27504             2.020    -1.230    -0.970         1
16  0.033200   2.64953   0.27504             3.150    -1.050    -5.120         1
17  0.033200   2.64953   0.27504             1.740    -0.110    -4.610         1
18  0.033200   2.64953   0.27504             3.360     0.370    -4.090         1
19  0.038300   2.64953   0.27504             2.330    -3.140    -4.290         1
20  0.038300   2.64953   0.27504             0.840    -2.440    -3.690         1
21  0.032600   2.64953   0.27504             1.290    -4.600    -2.570         1
22  0.032600   2.64953   0.27504             1.290    -3.270    -1.420         1
23  0.032600   2.64953   0.27504             2.830    -3.960    -1.950         1
