mobley_9671033	-6.833184	-13.98458	#systeme  DGsolv_calc  DGsolv_expt (kJ/mol)
13
#    charge    sigma(Ang)  epsilon(kJ/mol)  x         y         z        Zatomic
1 -0.093800   3.39967   1.91652             1.040     0.030    -0.330         6
2 -0.094800   3.39967   1.91652             1.440     1.450    -0.700         6
3 -0.075100   3.39967   1.91652             2.890     1.560    -1.130         6
4  0.228300   3.25000   2.97813             3.200     2.950    -1.460         7
5 -0.210100   2.95992   3.67887             3.620     3.690    -0.550         8
6 -0.210100   2.95992   3.67887             3.020     3.330    -2.630         8
7  0.044800   2.64953   0.27504            -0.010    -0.020    -0.030         1
8  0.044800   2.64953   0.27504             1.180    -0.630    -1.200         1
9  0.044800   2.64953   0.27504             1.660    -0.360     0.490         1
10  0.066200   2.64953   0.27504             1.270     2.100     0.170         1
11  0.066200   2.64953   0.27504             0.780     1.810    -1.500         1
12  0.094400   2.47135   0.27504             3.560     1.250    -0.310         1
13  0.094400   2.47135   0.27504             3.100     0.940    -2.000         1
