mobley_9974966	0.58618	-5.06627	#systeme  DGsolv_calc  DGsolv_expt (kJ/mol)
21
#    charge    sigma(Ang)  epsilon(kJ/mol)  x         y         z        Zatomic
1 -0.085900   3.39967   1.91652             0.890     0.330     2.730         6
2  0.022200   3.39967   1.91652             1.300     1.010     1.430         6
3 -0.085900   3.39967   1.91652             0.970     0.130     0.220         6
4 -0.341000   3.56359   4.37960             0.450     2.610     1.280        16
5  0.022200   3.39967   1.91652             1.520     3.580     2.360         6
6 -0.085900   3.39967   1.91652             2.800     3.990     1.610         6
7 -0.085900   3.39967   1.91652             0.790     4.810     2.880         6
8  0.043100   2.64953   0.27504             1.130     0.970     3.590         1
9  0.043100   2.64953   0.27504            -0.190     0.140     2.760         1
10  0.043100   2.64953   0.27504             1.410    -0.620     2.880         1
11  0.061500   2.47135   0.27504             2.380     1.200     1.450         1
12  0.043100   2.64953   0.27504             1.270     0.640    -0.700         1
13  0.043100   2.64953   0.27504            -0.100    -0.060     0.150         1
14  0.043100   2.64953   0.27504             1.500    -0.830     0.260         1
15  0.061500   2.47135   0.27504             1.810     2.950     3.220         1
16  0.043100   2.64953   0.27504             3.460     4.570     2.260         1
17  0.043100   2.64953   0.27504             3.360     3.100     1.280         1
18  0.043100   2.64953   0.27504             2.570     4.600     0.730         1
19  0.043100   2.64953   0.27504             1.430     5.400     3.540         1
20  0.043100   2.64953   0.27504            -0.100     4.520     3.470         1
21  0.043100   2.64953   0.27504             0.460     5.460     2.070         1
