mobley_1855337	0.569432	-6.78294	#systeme  DGsolv_calc  DGsolv_expt (kJ/mol)
12
#    charge    sigma(Ang)  epsilon(kJ/mol)  x         y         z        Zatomic
1 -0.116300   3.39967   1.50658             1.890    -1.040    -0.110         6
2  0.029900   3.39967   1.50658             2.920    -1.630     0.610         6
3 -0.116300   3.39967   1.50658             2.880    -1.650     2.000         6
4  0.030500   3.39967   1.50658             1.800    -1.080     2.680         6
5  0.014300   3.39967   1.50658             0.760    -0.480     1.960         6
6  0.030500   3.39967   1.50658             0.810    -0.460     0.560         6
7 -0.052500   3.47094   4.64238            -0.440     0.260    -0.400        18
8 -0.037300   3.47094   4.64238            -0.580     0.230     2.790        18
9 -0.052500   3.47094   4.64238             1.820    -1.140     4.410        18
10 -0.066900   3.47094   4.64238             4.250    -2.340    -0.220        18
11  0.168300   2.59964   0.26278             1.920    -1.020    -1.200         1
12  0.168300   2.59964   0.26278             3.690    -2.120     2.560         1
