mobley_2923700	-22.831711	-25.66631	#systeme  DGsolv_calc  DGsolv_expt (kJ/mol)
19
#    charge    sigma(Ang)  epsilon(kJ/mol)  x         y         z        Zatomic
1 -0.090000   3.39967   1.91652             1.260    -2.240    -2.210         6
2 -0.033800   3.39967   1.91652             1.930    -1.010    -1.600         6
3 -0.112400   3.39967   1.50658             1.890    -1.040    -0.110         6
4 -0.092000   3.39967   1.50658             2.920    -1.630     0.610         6
5 -0.182800   3.39967   1.50658             2.880    -1.650     2.000         6
6  0.119700   3.39967   1.50658             1.800    -1.080     2.680         6
7 -0.182800   3.39967   1.50658             0.760    -0.480     1.960         6
8 -0.092000   3.39967   1.50658             0.810    -0.460     0.560         6
9 -0.498700   3.06647   3.68587             1.760    -1.100     4.040         8
10  0.035800   2.64953   0.27504             1.300    -2.220    -3.300         1
11  0.035800   2.64953   0.27504             0.210    -2.290    -1.900         1
12  0.035800   2.64953   0.27504             1.750    -3.160    -1.870         1
13  0.045100   2.64953   0.27504             1.440    -0.110    -1.970         1
14  0.045100   2.64953   0.27504             2.970    -0.960    -1.940         1
15  0.133700   2.59964   0.26278             3.770    -2.080     0.090         1
16  0.141000   2.59964   0.26278             3.690    -2.120     2.560         1
17  0.141000   2.59964   0.26278            -0.080    -0.040     2.470         1
18  0.133700   2.59964   0.26278            -0.010     0.000     0.010         1
19  0.417800   0.00000   0.00000             0.950    -0.670     4.350         1
