mobley_1760914	-1.980451	-4.77318	#systeme  DGsolv_calc  DGsolv_expt (kJ/mol)
15
#    charge    sigma(Ang)  epsilon(kJ/mol)  x         y         z        Zatomic
1 -0.058800   3.39967   1.91652             1.970    -1.030    -1.610         6
2 -0.065400   3.39967   1.50658             1.890    -1.040    -0.110         6
3 -0.125400   3.39967   1.50658             2.920    -1.630     0.610         6
4 -0.125100   3.39967   1.50658             2.880    -1.650     2.000         6
5 -0.127200   3.39967   1.50658             1.800    -1.080     2.680         6
6 -0.121400   3.39967   1.50658             0.760    -0.480     1.960         6
7  0.015900   3.39967   1.50658             0.810    -0.460     0.560         6
8 -0.098700   3.47094   4.64238            -0.490     0.280    -0.300        18
9  0.051100   2.64953   0.27504             2.490    -0.130    -1.950         1
10  0.051100   2.64953   0.27504             2.510    -1.920    -1.970         1
11  0.051100   2.64953   0.27504             0.970    -1.060    -2.050         1
12  0.136100   2.59964   0.26278             3.770    -2.080     0.090         1
13  0.135000   2.59964   0.26278             3.690    -2.110     2.560         1
14  0.135900   2.59964   0.26278             1.770    -1.090     3.760         1
15  0.145800   2.59964   0.26278            -0.070    -0.040     2.500         1
