mobley_9201263	-36.946088	-20.39069	#systeme  DGsolv_calc  DGsolv_expt (kJ/mol)
12
#    charge    sigma(Ang)  epsilon(kJ/mol)  x         y         z        Zatomic
1  0.164400   3.39967   1.91652             0.930    -0.560     0.200         6
2 -0.576301   3.00001   2.97813             1.980     0.390     0.350         8
3  1.599302   3.56359   4.37960             3.450    -0.140     0.850        16
4 -0.666001   2.95992   3.67887             3.960    -1.110    -0.100         8
5 -0.666001   2.95992   3.67887             3.400    -0.400     2.270         8
6 -0.382800   3.39967   1.91652             4.310     1.390     0.590         6
7  0.045900   2.47135   0.27504             0.030    -0.050    -0.140         1
8  0.045900   2.47135   0.27504             0.750    -1.050     1.160         1
9  0.045900   2.47135   0.27504             1.230    -1.300    -0.540         1
10  0.129900   2.47135   0.27504             5.350     1.230     0.890         1
11  0.129900   2.47135   0.27504             4.230     1.640    -0.460         1
12  0.129900   2.47135   0.27504             3.840     2.140     1.220         1
