mobley_7943327	-13.486327	-11.22116	#systeme  DGsolv_calc  DGsolv_expt (kJ/mol)
17
#    charge    sigma(Ang)  epsilon(kJ/mol)  x         y         z        Zatomic
1 -0.092900   3.39967   1.91652            -0.870     0.550     0.370         6
2 -0.132700   3.39967   1.91652            -0.880     0.550     1.890         6
3  0.636001   3.39967   1.50658            -2.070     1.300     2.450         6
4 -0.533001   2.95992   3.67887            -2.940     1.840     1.780         8
5 -0.450500   3.00001   2.97813            -2.020     1.260     3.810         8
6  0.137700   3.39967   1.91652            -3.080     1.930     4.490         6
7 -0.132800   3.39967   1.91652            -2.870     1.790     5.980         6
8  0.047100   2.64953   0.27504            -0.000     0.000    -0.010         1
9  0.047100   2.64953   0.27504            -1.780     0.070    -0.010         1
10  0.047100   2.64953   0.27504            -0.830     1.570    -0.020         1
11  0.076600   2.64953   0.27504             0.030     1.030     2.260         1
12  0.076600   2.64953   0.27504            -0.920    -0.480     2.260         1
13  0.063800   2.47135   0.27504            -3.070     2.980     4.190         1
14  0.063800   2.47135   0.27504            -4.020     1.470     4.190         1
15  0.048700   2.64953   0.27504            -3.670     2.300     6.530         1
16  0.048700   2.64953   0.27504            -2.850     0.740     6.280         1
17  0.048700   2.64953   0.27504            -1.910     2.230     6.280         1
