mobley_4506634	0.862522	-0.46057	#systeme  DGsolv_calc  DGsolv_expt (kJ/mol)
8
#    charge    sigma(Ang)  epsilon(kJ/mol)  x         y         z        Zatomic
1  0.023600   3.39967   1.91652             0.240     0.220     0.660         6
2  0.133300   2.29317   0.27504             1.300     0.070     0.890         1
3  0.640401   3.39967   1.91652            -0.110    -0.330    -0.710         6
4 -0.217700   3.11815   1.06862             0.160    -1.650    -0.780        10
5 -0.217700   3.11815   1.06862            -1.410    -0.150    -1.020        10
6 -0.217700   3.11815   1.06862             0.630     0.270    -1.670        10
7 -0.078800   3.47094   4.64238            -0.730    -0.570     1.920        18
8 -0.065400   3.59923   7.35773            -0.080     2.140     0.720        40
