mobley_5627459	-12.427016	-11.97482	#systeme  DGsolv_calc  DGsolv_expt (kJ/mol)
13
#    charge    sigma(Ang)  epsilon(kJ/mol)  x         y         z        Zatomic
1 -0.086400   3.39967   1.91652            -0.440    -0.890     0.460         6
2 -0.183300   3.39967   1.91652            -1.940    -0.720     0.650         6
3 -0.086400   3.39967   1.91652            -2.560    -1.980     1.260         6
4  0.565401   3.39967   1.50658            -2.200     0.500     1.500         6
5 -0.522001   2.95992   3.67887            -2.780     0.490     2.580         8
6  0.042600   2.64953   0.27504             0.000     0.010     0.020         1
7  0.042600   2.64953   0.27504            -0.220    -1.730    -0.210         1
8  0.042600   2.64953   0.27504             0.060    -1.070     1.420         1
9  0.067600   2.64953   0.27504            -2.410    -0.530    -0.330         1
10  0.042600   2.64953   0.27504            -3.640    -1.850     1.390         1
11  0.042600   2.64953   0.27504            -2.120    -2.190     2.240         1
12  0.042600   2.64953   0.27504            -2.400    -2.850     0.620         1
13 -0.010500   2.51055   0.26278            -1.860     1.460     1.070         1
