mobley_2269032	-51.077213	-42.74927	#systeme  DGsolv_calc  DGsolv_expt (kJ/mol)
31
#    charge    sigma(Ang)  epsilon(kJ/mol)  x         y         z        Zatomic
1 -0.098900   3.39967   1.91652            -2.150    -2.070     2.390         6
2 -0.096300   3.39967   1.91652            -1.880    -1.700     0.930         6
3  0.074800   2.64953   0.27504            -2.010    -0.610     0.830         1
4 -0.090900   3.39967   1.50658            -0.500    -2.030     0.490         6
5 -0.107000   3.39967   1.50658             0.350    -1.030     0.040         6
6 -0.124100   3.39967   1.50658             1.650    -1.340    -0.370         6
7  0.006100   3.39967   1.50658             2.120    -2.660    -0.320         6
8 -0.211100   3.39967   1.50658             3.420    -2.990    -0.730         6
9  0.133800   3.39967   1.50658             3.870    -4.310    -0.680         6
10 -0.138800   3.39967   1.50658             3.020    -5.320    -0.220         6
11 -0.089200   3.39967   1.50658             1.720    -5.010     0.180         6
12 -0.065000   3.39967   1.50658             1.260    -3.680     0.140         6
13 -0.078800   3.39967   1.50658            -0.050    -3.350     0.550         6
14 -0.325200   3.00001   2.97813             5.140    -4.610    -1.070         8
15  0.111500   3.39967   1.91652             5.530    -5.980    -0.990         6
16  0.619501   3.39967   1.50658            -2.920    -2.350     0.030         6
17 -0.469300   2.95992   3.67887            -3.490    -3.410     0.250         8
18 -0.587201   3.06647   3.68587            -3.160    -1.610    -1.090         8
19  0.049000   2.64953   0.27504            -2.050    -3.150     2.570         1
20  0.049000   2.64953   0.27504            -1.460    -1.550     3.060         1
21  0.049000   2.64953   0.27504            -3.170    -1.800     2.680         1
22  0.131700   2.59964   0.26278             0.010     0.000    -0.000         1
23  0.134400   2.59964   0.26278             2.290    -0.530    -0.720         1
24  0.140700   2.59964   0.26278             4.090    -2.220    -1.080         1
25  0.151300   2.59964   0.26278             3.370    -6.350    -0.180         1
26  0.137100   2.59964   0.26278             1.080    -5.810     0.540         1
27  0.135600   2.59964   0.26278            -0.720    -4.130     0.900         1
28  0.045900   2.47135   0.27504             6.560    -6.080    -1.340         1
29  0.045900   2.47135   0.27504             4.860    -6.580    -1.610         1
30  0.045900   2.47135   0.27504             5.460    -6.300     0.040         1
31  0.420600   0.00000   0.00000            -2.650    -0.780    -1.160         1
