mobley_1792062	-5.338425	-9.75571	#systeme  DGsolv_calc  DGsolv_expt (kJ/mol)
8
#    charge    sigma(Ang)  epsilon(kJ/mol)  x         y         z        Zatomic
1 -0.014900   3.39967   1.91652             0.250    -0.550    -0.460         6
2 -0.014900   3.39967   1.91652            -0.250     0.550     0.460         6
3 -0.162100   3.59923   7.35773            -1.360    -0.220     1.850        40
4 -0.162100   3.59923   7.35773             1.360     0.220    -1.850        40
5  0.088500   2.47135   0.27504            -0.570    -1.070    -0.960         1
6  0.088500   2.47135   0.27504             0.870    -1.280     0.070         1
7  0.088500   2.47135   0.27504             0.570     1.070     0.960         1
8  0.088500   2.47135   0.27504            -0.870     1.280    -0.070         1
