mobley_352111	-34.718604	-26.54558	#systeme  DGsolv_calc  DGsolv_expt (kJ/mol)
20
#    charge    sigma(Ang)  epsilon(kJ/mol)  x         y         z        Zatomic
1 -0.149100   3.39967   1.91652            -0.130     1.110    -0.180         6
2  0.636851   3.39967   1.50658            -0.710     1.320    -1.550         6
3 -0.534701   2.95992   3.67887            -0.170     1.970    -2.430         8
4 -0.450500   3.00001   2.97813            -1.920     0.690    -1.630         8
5  0.137000   3.39967   1.91652            -2.590     0.810    -2.890         6
6  0.137000   3.39967   1.91652            -3.900     0.060    -2.810         6
7 -0.450500   3.00001   2.97813            -3.640    -1.310    -2.530         8
8  0.636851   3.39967   1.50658            -4.740    -2.120    -2.430         6
9 -0.534701   2.95992   3.67887            -5.910    -1.770    -2.570         8
10 -0.149000   3.39967   1.91652            -4.320    -3.520    -2.130         6
11  0.077800   2.64953   0.27504            -0.460     1.910     0.490         1
12  0.077800   2.64953   0.27504             0.960     1.080    -0.250         1
13  0.077800   2.64953   0.27504            -0.480     0.160     0.220         1
14  0.063500   2.47135   0.27504            -2.750     1.870    -3.080         1
15  0.063500   2.47135   0.27504            -1.940     0.380    -3.660         1
16  0.063500   2.47135   0.27504            -4.450     0.110    -3.760         1
17  0.063500   2.47135   0.27504            -4.520     0.460    -2.010         1
18  0.077800   2.64953   0.27504            -4.260    -3.670    -1.050         1
19  0.077800   2.64953   0.27504            -3.350    -3.720    -2.600         1
20  0.077800   2.64953   0.27504            -5.050    -4.220    -2.550         1
