mobley_4630641	-12.992261	-20.26508	#systeme  DGsolv_calc  DGsolv_expt (kJ/mol)
16
#    charge    sigma(Ang)  epsilon(kJ/mol)  x         y         z        Zatomic
1  0.114300   3.39967   1.91652             0.300     0.820     2.430         6
2 -0.405800   3.00001   2.97813            -0.850     0.240     1.850         8
3  0.127000   3.39967   1.91652            -0.890     0.450     0.440         6
4  0.127000   3.39967   1.91652            -2.150    -0.190    -0.120         6
5 -0.405800   3.00001   2.97813            -2.120    -1.590     0.150         8
6  0.114300   3.39967   1.91652            -3.270    -2.250    -0.350         6
7  0.032300   2.47135   0.27504             0.300     0.640     3.510         1
8  0.032300   2.47135   0.27504             0.310     1.900     2.230         1
9  0.032300   2.47135   0.27504             1.190     0.370     1.990         1
10  0.033800   2.47135   0.27504            -0.890     1.530     0.260         1
11  0.033800   2.47135   0.27504             0.000     0.000     0.000         1
12  0.033800   2.47135   0.27504            -2.200    -0.060    -1.210         1
13  0.033800   2.47135   0.27504            -3.040     0.230     0.350         1
14  0.032300   2.47135   0.27504            -3.210    -3.310    -0.120         1
15  0.032300   2.47135   0.27504            -3.320    -2.100    -1.430         1
16  0.032300   2.47135   0.27504            -4.150    -1.820     0.130         1
