mobley_4983965	1.251913	-6.11302	#systeme  DGsolv_calc  DGsolv_expt (kJ/mol)
15
#    charge    sigma(Ang)  epsilon(kJ/mol)  x         y         z        Zatomic
1 -0.083500   3.39967   1.91652             0.500    -0.300     1.140         6
2 -0.007700   3.39967   1.91652             1.850    -0.870     0.730         6
3 -0.312400   3.56359   4.37960             2.930     0.450     0.090        16
4 -0.007700   3.39967   1.91652             4.380    -0.560    -0.270         6
5 -0.083500   3.39967   1.91652             5.500     0.300    -0.850         6
6  0.045600   2.64953   0.27504            -0.160    -1.080     1.530         1
7  0.045600   2.64953   0.27504             0.610     0.480     1.900         1
8  0.045600   2.64953   0.27504             0.010     0.140     0.270         1
9  0.055300   2.47135   0.27504             1.730    -1.630    -0.040         1
10  0.055300   2.47135   0.27504             2.340    -1.330     1.600         1
11  0.055300   2.47135   0.27504             4.720    -1.050     0.650         1
12  0.055300   2.47135   0.27504             4.110    -1.350    -0.990         1
13  0.045600   2.64953   0.27504             6.390    -0.300    -1.070         1
14  0.045600   2.64953   0.27504             5.180     0.810    -1.760         1
15  0.045600   2.64953   0.27504             5.790     1.060    -0.130         1
