mobley_1659169	-25.607692	-30.02079	#systeme  DGsolv_calc  DGsolv_expt (kJ/mol)
15
#    charge    sigma(Ang)  epsilon(kJ/mol)  x         y         z        Zatomic
1  0.124000   3.39967   1.91652             0.260    -1.390    -0.060         6
2  0.125800   3.39967   1.91652             1.210    -0.340    -0.640         6
3 -0.417100   3.00001   2.97813             1.100     0.880     0.090         8
4  0.125800   3.39967   1.91652            -0.240     1.390     0.050         6
5  0.124000   3.39967   1.91652            -1.210     0.370     0.640         6
6 -0.813501   3.25000   2.97813            -1.120    -0.910    -0.080         7
7  0.038000   2.47135   0.27504             0.550    -1.630     0.970         1
8  0.038000   2.47135   0.27504             0.330    -2.310    -0.650         1
9  0.053900   2.47135   0.27504             2.240    -0.690    -0.560         1
10  0.053900   2.47135   0.27504             1.000    -0.150    -1.700         1
11  0.053900   2.47135   0.27504            -0.260     2.310     0.630         1
12  0.053900   2.47135   0.27504            -0.500     1.640    -0.990         1
13  0.038000   2.47135   0.27504            -0.980     0.210     1.700         1
14  0.038000   2.47135   0.27504            -2.230     0.750     0.580         1
15  0.363400   1.06908   0.27504            -1.730    -1.590     0.380         1
