mobley_5977084	-13.486327	-19.97199	#systeme  DGsolv_calc  DGsolv_expt (kJ/mol)
14
#    charge    sigma(Ang)  epsilon(kJ/mol)  x         y         z        Zatomic
1 -0.050400   3.39967   1.91652             2.880    -0.270     3.650         6
2 -0.191600   3.39967   1.50658             1.650    -0.620     2.900         6
3 -0.096700   3.39967   1.50658             1.390    -0.070     1.650         6
4 -0.242200   3.39967   1.50658             0.230    -0.420     0.970         6
5  0.387400   3.39967   1.50658            -0.630    -1.320     1.580         6
6 -0.662101   3.25000   2.97813            -0.410    -1.880     2.790         7
7  0.392700   3.39967   1.50658             0.730    -1.520     3.420         6
8  0.047000   2.64953   0.27504             3.690    -0.960     3.390         1
9  0.047000   2.64953   0.27504             3.200     0.760     3.420         1
10  0.047000   2.64953   0.27504             2.710    -0.320     4.730         1
11  0.137100   2.59964   0.26278             2.080     0.640     1.200         1
12  0.142500   2.59964   0.26278            -0.000    -0.000    -0.000         1
13  0.021000   2.51055   0.26278            -1.550    -1.630     1.090         1
14  0.021300   2.51055   0.26278             0.880    -1.980     4.390         1
