mobley_7017274	-22.040368	-16.24556	#systeme  DGsolv_calc  DGsolv_expt (kJ/mol)
24
#    charge    sigma(Ang)  epsilon(kJ/mol)  x         y         z        Zatomic
1 -0.127300   3.39967   1.50658            -6.110    -1.700    -5.220         6
2 -0.128100   3.39967   1.50658            -5.380    -2.760    -4.710         6
3 -0.118100   3.39967   1.50658            -4.330    -2.530    -3.820         6
4 -0.017400   3.39967   1.50658            -3.970    -1.220    -3.400         6
5 -0.036800   3.39967   1.50658            -4.740    -0.150    -3.930         6
6 -0.118600   3.39967   1.50658            -5.790    -0.400    -4.830         6
7 -0.117000   3.39967   1.50658            -4.440     1.170    -3.570         6
8 -0.117000   3.39967   1.50658            -3.410     1.450    -2.680         6
9 -0.036800   3.39967   1.50658            -2.630     0.420    -2.140         6
10 -0.017400   3.39967   1.50658            -2.900    -0.930    -2.490         6
11 -0.118100   3.39967   1.50658            -2.070    -1.920    -1.900         6
12 -0.128100   3.39967   1.50658            -1.040    -1.590    -1.010         6
13 -0.127100   3.39967   1.50658            -0.800    -0.260    -0.690         6
14 -0.118600   3.39967   1.50658            -1.590     0.740    -1.250         6
15  0.132900   2.59964   0.26278            -6.930    -1.870    -5.910         1
16  0.132800   2.59964   0.26278            -5.620    -3.780    -5.010         1
17  0.131300   2.59964   0.26278            -3.790    -3.400    -3.460         1
18  0.132900   2.59964   0.26278            -6.380     0.430    -5.240         1
19  0.133300   2.59964   0.26278            -5.020     2.000    -3.970         1
20  0.133300   2.59964   0.26278            -3.210     2.490    -2.420         1
21  0.131300   2.59964   0.26278            -2.210    -2.970    -2.110         1
22  0.132800   2.59964   0.26278            -0.430    -2.370    -0.580         1
23  0.132900   2.59964   0.26278             0.000     0.000    -0.000         1
24  0.132900   2.59964   0.26278            -1.390     1.770    -0.980         1
