mobley_2410897	-13.214172	-18.8415	#systeme  DGsolv_calc  DGsolv_expt (kJ/mol)
10
#    charge    sigma(Ang)  epsilon(kJ/mol)  x         y         z        Zatomic
1 -0.137900   3.39967   1.91652             0.410     0.190     1.000         6
2  0.147900   3.39967   1.91652             1.210    -0.980     1.470         6
3 -0.904301   3.25000   2.97813             2.320    -1.240     0.590         7
4  0.035900   2.64953   0.27504            -0.430     0.380     1.680         1
5  0.035900   2.64953   0.27504             1.030     1.090     0.930         1
6  0.035900   2.64953   0.27504            -0.000    -0.020     0.000         1
7  0.050900   2.47135   0.27504             0.590    -1.880     1.510         1
8  0.050900   2.47135   0.27504             1.620    -0.790     2.470         1
9  0.342400   1.06908   0.27504             3.170    -0.710     0.700         1
10  0.342400   1.06908   0.27504             2.160    -1.780    -0.240         1
