mobley_2864987	-12.330715	-18.38093	#systeme  DGsolv_calc  DGsolv_expt (kJ/mol)
18
#    charge    sigma(Ang)  epsilon(kJ/mol)  x         y         z        Zatomic
1 -0.091800   3.39967   1.91652            -0.330     0.760    -0.760         6
2 -0.079000   3.39967   1.91652             0.120     0.320    -2.140         6
3 -0.072100   3.39967   1.91652            -0.520    -1.020    -2.540         6
4  0.139500   3.39967   1.91652            -0.080    -1.480    -3.930         6
5  0.028500   2.47135   0.27504             1.010    -1.610    -3.950         1
6 -0.130600   3.39967   1.91652            -0.740    -2.790    -4.320         6
7 -0.599701   3.06647   3.68587            -0.410    -0.490    -4.900         8
8  0.032000   2.64953   0.27504             0.140     1.720    -0.500         1
9  0.032000   2.64953   0.27504            -0.050     0.030     0.000         1
10  0.032000   2.64953   0.27504            -1.420     0.900    -0.730         1
11  0.047000   2.64953   0.27504            -0.140     1.090    -2.870         1
12  0.047000   2.64953   0.27504             1.210     0.220    -2.150         1
13  0.046100   2.64953   0.27504            -0.260    -1.780    -1.790         1
14  0.046100   2.64953   0.27504            -1.610    -0.900    -2.520         1
15  0.042100   2.64953   0.27504            -0.420    -3.120    -5.310         1
16  0.042100   2.64953   0.27504            -0.460    -3.590    -3.620         1
17  0.042100   2.64953   0.27504            -1.830    -2.700    -4.320         1
18  0.396700   0.00000   0.00000            -0.110    -0.840    -5.760         1
