mobley_7066554	-22.496751	-29.43461	#systeme  DGsolv_calc  DGsolv_expt (kJ/mol)
13
#    charge    sigma(Ang)  epsilon(kJ/mol)  x         y         z        Zatomic
1 -0.178400   3.39967   1.50658             1.890    -1.040    -0.110         6
2 -0.087400   3.39967   1.50658             2.920    -1.630     0.610         6
3 -0.019900   3.39967   1.50658             2.880    -1.650     2.000         6
4 -0.087400   3.39967   1.50658             1.800    -1.080     2.680         6
5 -0.178400   3.39967   1.50658             0.760    -0.480     1.960         6
6  0.126300   3.39967   1.50658             0.810    -0.460     0.560         6
7 -0.493400   3.06647   3.68587            -0.200     0.120    -0.140         8
8 -0.094900   3.47094   4.64238             4.160    -2.380     2.890        18
9  0.146700   2.59964   0.26278             1.920    -1.020    -1.200         1
10  0.149300   2.59964   0.26278             3.760    -2.070     0.070         1
11  0.149300   2.59964   0.26278             1.750    -1.090     3.760         1
12  0.146700   2.59964   0.26278            -0.070    -0.040     2.480         1
13  0.421500   0.00000   0.00000            -0.880     0.470     0.460         1
