mobley_5510474	-11.618925	-15.95247	#systeme  DGsolv_calc  DGsolv_expt (kJ/mol)
22
#    charge    sigma(Ang)  epsilon(kJ/mol)  x         y         z        Zatomic
1 -0.123500   3.39967   1.50658            -1.860     0.740     0.800         6
2 -0.123400   3.39967   1.50658            -1.000    -0.260     0.330         6
3 -0.108900   3.39967   1.50658            -1.440    -1.580     0.270         6
4  0.058600   3.39967   1.50658            -2.730    -1.910     0.690         6
5  0.058600   3.39967   1.50658            -3.580    -0.910     1.160         6
6 -0.108900   3.39967   1.50658            -3.150     0.420     1.220         6
7 -0.207250   3.00001   2.97813            -4.860    -1.180     1.590         8
8  0.085700   3.39967   1.50658            -5.240    -2.500     1.510         6
9  0.085700   3.39967   1.50658            -4.390    -3.490     1.040         6
10  0.027100   3.39967   1.50658            -4.820    -4.820     0.980         6
11  0.020100   3.39967   1.50658            -6.110    -5.140     1.400         6
12  0.020100   3.39967   1.50658            -6.960    -4.150     1.880         6
13  0.027100   3.39967   1.50658            -6.530    -2.820     1.930         6
14 -0.023700   3.47094   4.64238            -7.570    -1.550     2.520        18
15 -0.031600   3.47094   4.64238            -8.570    -4.550     2.400        18
16 -0.031600   3.47094   4.64238            -6.640    -6.800     1.330        18
17 -0.023700   3.47094   4.64238            -3.720    -6.030     0.390        18
18 -0.207250   3.00001   2.97813            -3.110    -3.220     0.620         8
19  0.143600   2.59964   0.26278            -1.520     1.770     0.840         1
20  0.143600   2.59964   0.26278             0.000    -0.000     0.000         1
21  0.159800   2.59964   0.26278            -0.770    -2.350    -0.100         1
22  0.159800   2.59964   0.26278            -3.810     1.200     1.590         1
