mobley_6060301	-11.606364	-16.53865	#systeme  DGsolv_calc  DGsolv_expt (kJ/mol)
22
#    charge    sigma(Ang)  epsilon(kJ/mol)  x         y         z        Zatomic
1 -0.091300   3.39967   1.91652            -2.310    -1.410     1.880         6
2 -0.080000   3.39967   1.91652            -1.100    -0.490     1.730         6
3 -0.077800   3.39967   1.91652            -1.270     0.850     2.440         6
4 -0.072600   3.39967   1.91652            -0.050     1.770     2.280         6
5 -0.120000   3.39967   1.91652            -0.270     3.100     3.000         6
6  0.153400   3.39967   1.91652             0.930     4.040     2.870         6
7 -0.909401   3.25000   2.97813             0.730     5.290     3.550         7
8  0.033500   2.64953   0.27504            -2.150    -2.360     1.360         1
9  0.033500   2.64953   0.27504            -2.520    -1.620     2.940         1
10  0.033500   2.64953   0.27504            -3.200    -0.930     1.450         1
11  0.037600   2.64953   0.27504            -0.900    -0.340     0.670         1
12  0.037600   2.64953   0.27504            -0.230    -1.000     2.150         1
13  0.038000   2.64953   0.27504            -2.160     1.360     2.060         1
14  0.038000   2.64953   0.27504            -1.440     0.660     3.500         1
15  0.040700   2.64953   0.27504             0.140     1.960     1.220         1
16  0.040700   2.64953   0.27504             0.840     1.270     2.690         1
17  0.036700   2.64953   0.27504            -1.170     3.590     2.620         1
18  0.036700   2.64953   0.27504            -0.440     2.910     4.070         1
19  0.050600   2.47135   0.27504             1.140     4.260     1.820         1
20  0.050600   2.47135   0.27504             1.820     3.580     3.310         1
21  0.345000   1.06908   0.27504             0.920     5.350     4.540         1
22  0.345000   1.06908   0.27504             0.220     6.030     3.080         1
