mobley_9653690	-13.637059	-18.59028	#systeme  DGsolv_calc  DGsolv_expt (kJ/mol)
27
#    charge    sigma(Ang)  epsilon(kJ/mol)  x         y         z        Zatomic
1 -0.056700   3.39967   1.91652            -3.730    -4.780     2.220         6
2 -0.108900   3.39967   1.50658            -2.720    -3.810     1.680         6
3 -0.155600   3.39967   1.50658            -2.860    -2.480     1.850         6
4 -0.042500   3.39967   1.91652            -1.910    -1.460     1.310         6
5 -0.026400   3.39967   1.91652            -0.930    -2.030     0.260         6
6  0.065800   2.64953   0.27504            -1.480    -2.170    -0.680         1
7 -0.102600   3.39967   1.91652            -0.400    -3.390     0.720         6
8  0.180400   3.39967   1.91652            -1.540    -4.400     0.940         6
9  0.034200   2.47135   0.27504            -1.140    -5.250     1.500         1
10 -0.593401   3.06647   3.68587            -1.970    -4.880    -0.330         8
11 -0.108300   3.39967   1.50658             0.190    -1.070    -0.000         6
12 -0.225900   3.39967   1.50658             1.020    -0.670     0.970         6
13 -0.063600   3.39967   1.91652             0.320    -0.580    -1.410         6
14  0.044500   2.64953   0.27504            -3.460    -5.070     3.240         1
15  0.044500   2.64953   0.27504            -3.770    -5.680     1.600         1
16  0.044500   2.64953   0.27504            -4.720    -4.330     2.240         1
17  0.122800   2.59964   0.26278            -3.710    -2.100     2.410         1
18  0.052400   2.64953   0.27504            -2.480    -0.650     0.860         1
19  0.052400   2.64953   0.27504            -1.360    -1.030     2.160         1
20  0.047600   2.64953   0.27504             0.300    -3.790    -0.030         1
21  0.047600   2.64953   0.27504             0.160    -3.270     1.660         1
22  0.396800   0.00000   0.00000            -1.200    -5.300    -0.740         1
23  0.112500   2.59964   0.26278             1.830     0.030     0.770         1
24  0.112500   2.59964   0.26278             0.920    -1.030     1.990         1
25  0.041800   2.64953   0.27504            -0.270     0.330    -1.560         1
26  0.041800   2.64953   0.27504             1.370    -0.350    -1.640         1
27  0.041800   2.64953   0.27504            -0.030    -1.320    -2.140         1
