mobley_7912193	-36.724177	-36.51064	#systeme  DGsolv_calc  DGsolv_expt (kJ/mol)
28
#    charge    sigma(Ang)  epsilon(kJ/mol)  x         y         z        Zatomic
1 -0.097000   3.39967   1.91652            -2.120    -2.450     4.170         6
2 -0.075200   3.39967   1.91652            -1.870    -2.760     2.700         6
3 -0.106700   3.39967   1.91652            -3.160    -2.690     1.880         6
4  0.133500   3.39967   1.91652            -2.900    -3.000     0.410         6
5 -0.435900   3.00001   2.97813            -4.140    -2.920    -0.290         8
6  0.649901   3.39967   1.50658            -4.080    -3.170    -1.630         6
7 -0.533901   2.95992   3.67887            -3.080    -3.450    -2.260         8
8 -0.156200   3.39967   1.50658            -5.430    -3.050    -2.240         6
9 -0.045800   3.39967   1.50658            -5.590    -3.270    -3.610         6
10 -0.194100   3.39967   1.50658            -6.860    -3.160    -4.180         6
11  0.147200   3.39967   1.50658            -7.960    -2.830    -3.390         6
12 -0.194100   3.39967   1.50658            -7.800    -2.620    -2.020         6
13 -0.045800   3.39967   1.50658            -6.530    -2.720    -1.450         6
14 -0.491200   3.06647   3.68587            -9.200    -2.730    -3.950         8
15  0.036100   2.64953   0.27504            -1.190    -2.500     4.750         1
16  0.036100   2.64953   0.27504            -2.550    -1.450     4.290         1
17  0.036100   2.64953   0.27504            -2.830    -3.170     4.590         1
18  0.040600   2.64953   0.27504            -1.140    -2.040     2.310         1
19  0.040600   2.64953   0.27504            -1.420    -3.750     2.610         1
20  0.053200   2.64953   0.27504            -3.900    -3.390     2.280         1
21  0.053200   2.64953   0.27504            -3.610    -1.690     1.980         1
22  0.065600   2.47135   0.27504            -2.210    -2.270    -0.020         1
23  0.065600   2.47135   0.27504            -2.500    -4.000     0.290         1
24  0.148900   2.59964   0.26278            -4.740    -3.530    -4.230         1
25  0.148600   2.59964   0.26278            -6.980    -3.330    -5.250         1
26  0.148600   2.59964   0.26278            -8.650    -2.360    -1.400         1
27  0.148900   2.59964   0.26278            -6.410    -2.550    -0.380         1
28  0.423200   0.00000   0.00000            -9.150    -2.910    -4.910         1
