mobley_2763835	-9.437498	-9.29514	#systeme  DGsolv_calc  DGsolv_expt (kJ/mol)
19
#    charge    sigma(Ang)  epsilon(kJ/mol)  x         y         z        Zatomic
1 -0.103800   3.39967   1.91652             0.850    -1.720    -3.490         6
2  0.126200   3.39967   1.91652             0.680    -1.030    -2.150         6
3 -0.334000   3.00001   2.97813             1.930    -1.020    -1.470         8
4  0.119600   3.39967   1.50658             1.890    -1.040    -0.110         6
5 -0.173600   3.39967   1.50658             2.920    -1.630     0.610         6
6 -0.102800   3.39967   1.50658             2.880    -1.650     2.000         6
7 -0.159200   3.39967   1.50658             1.800    -1.080     2.680         6
8 -0.102800   3.39967   1.50658             0.760    -0.480     1.960         6
9 -0.173600   3.39967   1.50658             0.810    -0.460     0.560         6
10  0.047900   2.64953   0.27504            -0.100    -1.750    -4.040         1
11  0.047900   2.64953   0.27504             1.600    -1.210    -4.100         1
12  0.047900   2.64953   0.27504             1.210    -2.750    -3.350         1
13  0.040200   2.47135   0.27504            -0.050    -1.560    -1.530         1
14  0.040200   2.47135   0.27504             0.340     0.000    -2.300         1
15  0.141600   2.59964   0.26278             3.760    -2.080     0.090         1
16  0.132200   2.59964   0.26278             3.690    -2.110     2.560         1
17  0.132300   2.59964   0.26278             1.770    -1.090     3.760         1
18  0.132200   2.59964   0.26278            -0.080    -0.040     2.480         1
19  0.141600   2.59964   0.26278            -0.000     0.000     0.010         1
