mobley_7295828	-9.705466	-10.25815	#systeme  DGsolv_calc  DGsolv_expt (kJ/mol)
16
#    charge    sigma(Ang)  epsilon(kJ/mol)  x         y         z        Zatomic
1  0.110100   3.39967   1.91652             0.840    -0.390    -2.140         6
2 -0.323600   3.00001   2.97813             1.930    -1.020    -1.470         8
3  0.119300   3.39967   1.50658             1.890    -1.040    -0.110         6
4 -0.179100   3.39967   1.50658             2.920    -1.630     0.610         6
5 -0.098500   3.39967   1.50658             2.880    -1.650     2.000         6
6 -0.163500   3.39967   1.50658             1.800    -1.080     2.680         6
7 -0.098500   3.39967   1.50658             0.760    -0.480     1.960         6
8 -0.179100   3.39967   1.50658             0.810    -0.460     0.560         6
9  0.044000   2.47135   0.27504             0.990    -0.440    -3.220         1
10  0.044000   2.47135   0.27504             0.760     0.650    -1.820         1
11  0.044000   2.47135   0.27504            -0.090    -0.920    -1.880         1
12  0.142200   2.59964   0.26278             3.760    -2.080     0.090         1
13  0.131800   2.59964   0.26278             3.690    -2.110     2.560         1
14  0.132900   2.59964   0.26278             1.770    -1.090     3.760         1
15  0.131800   2.59964   0.26278            -0.080    -0.040     2.480         1
16  0.142200   2.59964   0.26278            -0.000     0.000     0.010         1
