mobley_7176248	-8.470301	-13.60775	#systeme  DGsolv_calc  DGsolv_expt (kJ/mol)
39
#    charge    sigma(Ang)  epsilon(kJ/mol)  x         y         z        Zatomic
1 -0.090700   3.39967   1.91652             3.450     3.610    -0.030         6
2 -0.109000   3.39967   1.91652             3.630     2.850    -1.330         6
3  0.238600   3.39967   1.91652             2.620     1.720    -1.510         6
4 -0.788301   3.25000   2.97813             2.800     1.010    -2.750         7
5  0.238600   3.39967   1.91652             2.710     1.750    -4.010         6
6 -0.109000   3.39967   1.91652             1.350     2.380    -4.180         6
7 -0.090700   3.39967   1.91652             1.210     3.160    -5.480         6
8  0.300600   3.39967   1.50658             3.080    -0.370    -2.770         6
9 -0.175000   3.39967   1.50658             2.030    -1.290    -2.820         6
10 -0.016100   3.39967   1.50658             2.300    -2.660    -2.840         6
11 -0.173700   3.39967   1.50658             3.620    -3.100    -2.810         6
12 -0.016100   3.39967   1.50658             4.670    -2.190    -2.760         6
13 -0.175000   3.39967   1.50658             4.400    -0.820    -2.740         6
14  0.318600   3.25000   2.97813             5.490     0.100    -2.690         7
15 -0.178700   2.95992   3.67887             5.920     0.460    -1.570         8
16 -0.178700   2.95992   3.67887             5.980     0.510    -3.760         8
17  0.695301   3.39967   1.91652             3.920    -4.570    -2.830         6
18 -0.224500   3.11815   1.06862             2.800    -5.350    -2.880        10
19 -0.224500   3.11815   1.06862             4.670    -4.960    -3.900        10
20 -0.224500   3.11815   1.06862             4.600    -4.980    -1.730        10
21  0.318600   3.25000   2.97813             0.670    -0.860    -2.850         7
22 -0.178700   2.95992   3.67887             0.130    -0.660    -3.960         8
23 -0.178700   2.95992   3.67887             0.060    -0.700    -1.760         8
24  0.038000   2.64953   0.27504             4.190     4.400     0.070         1
25  0.038000   2.64953   0.27504             2.450     4.060     0.000         1
26  0.038000   2.64953   0.27504             3.540     2.940     0.840         1
27  0.053400   2.64953   0.27504             4.640     2.420    -1.350         1
28  0.053400   2.64953   0.27504             3.570     3.550    -2.170         1
29  0.053200   2.47135   0.27504             2.720     0.990    -0.700         1
30  0.053200   2.47135   0.27504             1.590     2.110    -1.500         1
31  0.053200   2.47135   0.27504             2.910     1.020    -4.790         1
32  0.053200   2.47135   0.27504             3.510     2.480    -3.990         1
33  0.053400   2.64953   0.27504             0.600     1.580    -4.170         1
34  0.053400   2.64953   0.27504             1.120     3.040    -3.340         1
35  0.038000   2.64953   0.27504             0.210     3.600    -5.570         1
36  0.038000   2.64953   0.27504             1.940     3.970    -5.510         1
37  0.038000   2.64953   0.27504             1.380     2.520    -6.350         1
38  0.183600   2.59964   0.26278             1.490    -3.380    -2.880         1
39  0.183600   2.59964   0.26278             5.700    -2.540    -2.740         1
