mobley_7977115	-10.823395	-16.99922	#systeme  DGsolv_calc  DGsolv_expt (kJ/mol)
21
#    charge    sigma(Ang)  epsilon(kJ/mol)  x         y         z        Zatomic
1 -0.092100   3.39967   1.91652             0.890    -0.320     0.350         6
2 -0.079400   3.39967   1.91652             1.210     0.140     1.760         6
3 -0.111300   3.39967   1.91652             0.150    -0.340     2.760         6
4  0.135000   3.39967   1.91652             0.460     0.110     4.190         6
5  0.075200   2.47135   0.27504             1.430    -0.300     4.510         1
6 -0.111200   3.39967   1.91652            -0.630    -0.300     5.200         6
7 -0.090800   3.39967   1.91652            -0.340     0.140     6.620         6
8 -0.595001   3.06647   3.68587             0.560     1.530     4.210         8
9  0.032800   2.64953   0.27504             1.650     0.030    -0.360         1
10  0.032800   2.64953   0.27504             0.840    -1.410     0.290         1
11  0.032800   2.64953   0.27504            -0.070     0.090     0.030         1
12  0.046800   2.64953   0.27504             2.200    -0.250     2.050         1
13  0.046800   2.64953   0.27504             1.280     1.230     1.770         1
14  0.042300   2.64953   0.27504            -0.820     0.060     2.450         1
15  0.042300   2.64953   0.27504             0.090    -1.430     2.710         1
16  0.042100   2.64953   0.27504            -1.590     0.140     4.880         1
17  0.042100   2.64953   0.27504            -0.780    -1.390     5.160         1
18  0.038000   2.64953   0.27504            -1.150    -0.180     7.300         1
19  0.038000   2.64953   0.27504             0.590    -0.310     6.970         1
20  0.038000   2.64953   0.27504            -0.230     1.220     6.700         1
21  0.394800   0.00000   0.00000            -0.290     1.870     3.900         1
