mobley_5935995	10.446565	10.50937	#systeme  DGsolv_calc  DGsolv_expt (kJ/mol)
20
#    charge    sigma(Ang)  epsilon(kJ/mol)  x         y         z        Zatomic
1 -0.092300   3.39967   1.91652            -0.780     2.040    -1.260         6
2 -0.070500   3.39967   1.91652             0.660     1.900    -0.780         6
3 -0.055700   3.39967   1.91652             1.740     2.610    -1.640         6
4 -0.085600   3.39967   1.91652             1.420     4.110    -1.670         6
5 -0.085600   3.39967   1.91652             1.730     2.070    -3.080         6
6 -0.085600   3.39967   1.91652             3.140     2.420    -1.040         6
7  0.033000   2.64953   0.27504            -1.480     1.520    -0.610         1
8  0.033000   2.64953   0.27504            -1.060     3.100    -1.280         1
9  0.033000   2.64953   0.27504            -0.900     1.660    -2.280         1
10  0.037400   2.64953   0.27504             0.890     0.830    -0.710         1
11  0.037400   2.64953   0.27504             0.710     2.290     0.250         1
12  0.033500   2.64953   0.27504             2.150     4.660    -2.270         1
13  0.033500   2.64953   0.27504             1.430     4.540    -0.660         1
14  0.033500   2.64953   0.27504             0.430     4.300    -2.100         1
15  0.033500   2.64953   0.27504             2.490     2.560    -3.700         1
16  0.033500   2.64953   0.27504             1.920     0.990    -3.100         1
17  0.033500   2.64953   0.27504             0.760     2.250    -3.560         1
18  0.033500   2.64953   0.27504             3.900     2.910    -1.650         1
19  0.033500   2.64953   0.27504             3.400     1.350    -0.980         1
20  0.033500   2.64953   0.27504             3.210     2.820    -0.020         1
