mobley_1905088	-7.758511	-9.96506	#systeme  DGsolv_calc  DGsolv_expt (kJ/mol)
15
#    charge    sigma(Ang)  epsilon(kJ/mol)  x         y         z        Zatomic
1 -0.121000   3.39967   1.50658             1.890    -1.040    -0.110         6
2 -0.129400   3.39967   1.50658             2.920    -1.630     0.610         6
3 -0.111900   3.39967   1.50658             2.880    -1.650     2.000         6
4 -0.093000   3.39967   1.50658             1.800    -1.080     2.680         6
5 -0.111900   3.39967   1.50658             0.760    -0.480     1.960         6
6 -0.129400   3.39967   1.50658             0.810    -0.460     0.560         6
7  0.039400   3.39967   1.91652             1.750    -1.100     4.170         6
8 -0.173100   3.59923   7.35773             2.620     0.490     4.870        40
9  0.133100   2.59964   0.26278             1.920    -1.020    -1.200         1
10  0.134300   2.59964   0.26278             3.760    -2.080     0.080         1
11  0.135200   2.59964   0.26278             3.690    -2.120     2.560         1
12  0.135200   2.59964   0.26278            -0.080    -0.040     2.470         1
13  0.134300   2.59964   0.26278            -0.000    -0.000     0.000         1
14  0.079100   2.47135   0.27504             2.280    -1.970     4.590         1
15  0.079100   2.47135   0.27504             0.730    -1.110     4.550         1
