mobley_210639	-2.060004	-1.92602	#systeme  DGsolv_calc  DGsolv_expt (kJ/mol)
11
#    charge    sigma(Ang)  epsilon(kJ/mol)  x         y         z        Zatomic
1 -0.092700   3.39967   1.91652            -0.270    -0.540    -1.140         6
2  0.100700   3.39967   1.91652            -0.180    -0.400     0.380         6
3 -0.092700   3.39967   1.91652             0.240     1.010     0.770         6
4 -0.267600   3.83086   8.75920             1.230    -1.830     1.160        63
5  0.046300   2.64953   0.27504            -0.570    -1.560    -1.430         1
6  0.046300   2.64953   0.27504            -1.010     0.150    -1.550         1
7  0.046300   2.64953   0.27504             0.690    -0.330    -1.630         1
8  0.074500   2.47135   0.27504            -1.170    -0.610     0.810         1
9  0.046300   2.64953   0.27504             0.300     1.110     1.860         1
10  0.046300   2.64953   0.27504            -0.490     1.740     0.410         1
11  0.046300   2.64953   0.27504             1.220     1.270     0.350         1
