mobley_4715906	7.055095	6.61546	#systeme  DGsolv_calc  DGsolv_expt (kJ/mol)
24
#    charge    sigma(Ang)  epsilon(kJ/mol)  x         y         z        Zatomic
1 -0.088200   3.39967   1.91652             3.440    -1.040     2.050         6
2 -0.058100   3.39967   1.91652             2.020    -1.410     2.480         6
3  0.042100   2.64953   0.27504             2.060    -2.450     2.830         1
4 -0.073200   3.39967   1.91652             1.060    -1.380     1.270         6
5 -0.075300   3.39967   1.91652             0.740     0.040     0.810         6
6 -0.075300   3.39967   1.91652             0.200     0.890     1.950         6
7 -0.073200   3.39967   1.91652             1.130     0.890     3.160         6
8 -0.058100   3.39967   1.91652             1.460    -0.540     3.630         6
9  0.042100   2.64953   0.27504             0.510    -1.000     3.940         1
10 -0.088200   3.39967   1.91652             2.370    -0.510     4.850         6
11  0.033500   2.64953   0.27504             3.480    -0.010     1.690         1
12  0.033500   2.64953   0.27504             4.130    -1.130     2.900         1
13  0.033500   2.64953   0.27504             3.790    -1.710     1.260         1
14  0.038200   2.64953   0.27504             1.480    -1.950     0.440         1
15  0.038200   2.64953   0.27504             0.130    -1.880     1.550         1
16  0.037900   2.64953   0.27504             1.640     0.510     0.390         1
17  0.037900   2.64953   0.27504             0.000    -0.000    -0.000         1
18  0.037900   2.64953   0.27504             0.050     1.920     1.600         1
19  0.037900   2.64953   0.27504            -0.780     0.520     2.250         1
20  0.038200   2.64953   0.27504             2.060     1.430     2.910         1
21  0.038200   2.64953   0.27504             0.660     1.450     3.970         1
22  0.033500   2.64953   0.27504             2.590    -1.520     5.170         1
23  0.033500   2.64953   0.27504             1.870     0.020     5.660         1
24  0.033500   2.64953   0.27504             3.300    -0.000     4.610         1
