mobley_5890803	-10.270711	-10.21628	#systeme  DGsolv_calc  DGsolv_expt (kJ/mol)
20
#    charge    sigma(Ang)  epsilon(kJ/mol)  x         y         z        Zatomic
1 -0.089700   3.39967   1.91652            -4.540     3.990     4.410         6
2 -0.107700   3.39967   1.91652            -3.410     3.220     3.750         6
3  0.148900   3.39967   1.91652            -3.080     1.930     4.490         6
4 -0.465900   3.00001   2.97813            -2.020     1.260     3.810         8
5  0.644101   3.39967   1.50658            -1.610     0.080     4.370         6
6 -0.510301   2.95992   3.67887            -2.080    -0.430     5.380         8
7 -0.139100   3.39967   1.91652            -0.490    -0.490     3.540         6
8 -0.095200   3.39967   1.91652             0.020    -1.810     4.100         6
9  0.036300   2.64953   0.27504            -4.760     4.910     3.870         1
10  0.036300   2.64953   0.27504            -5.450     3.380     4.440         1
11  0.036300   2.64953   0.27504            -4.280     4.250     5.450         1
12  0.059000   2.64953   0.27504            -2.510     3.850     3.690         1
13  0.059000   2.64953   0.27504            -3.680     2.990     2.710         1
14  0.045500   2.47135   0.27504            -2.770     2.140     5.520         1
15  0.045500   2.47135   0.27504            -3.950     1.270     4.520         1
16  0.079500   2.64953   0.27504            -0.860    -0.650     2.520         1
17  0.079500   2.64953   0.27504             0.330     0.230     3.520         1
18  0.046000   2.64953   0.27504             0.830    -2.210     3.490         1
19  0.046000   2.64953   0.27504             0.390    -1.680     5.120         1
20  0.046000   2.64953   0.27504            -0.780    -2.560     4.130         1
