mobley_9257453	-21.516993	-30.52323	#systeme  DGsolv_calc  DGsolv_expt (kJ/mol)
13
#    charge    sigma(Ang)  epsilon(kJ/mol)  x         y         z        Zatomic
1 -0.208400   3.39967   1.50658             1.890    -1.040    -0.110         6
2 -0.076500   3.39967   1.50658             2.920    -1.630     0.610         6
3 -0.020000   3.39967   1.50658             2.880    -1.650     2.000         6
4  0.052000   3.39967   1.50658             1.800    -1.080     2.680         6
5 -0.148100   3.39967   1.50658             0.760    -0.480     1.960         6
6  0.135600   3.39967   1.50658             0.810    -0.460     0.560         6
7 -0.489700   3.06647   3.68587            -0.200     0.120    -0.140         8
8 -0.064200   3.47094   4.64238             1.690    -1.070     4.400        18
9 -0.069500   3.47094   4.64238             4.190    -2.400     2.840        18
10  0.140700   2.59964   0.26278             1.920    -1.020    -1.200         1
11  0.154100   2.59964   0.26278             3.750    -2.070     0.070         1
12  0.169900   2.59964   0.26278            -0.080    -0.030     2.470         1
13  0.424100   0.00000   0.00000            -0.030     0.050    -1.100         1
