mobley_6198745	-51.638271	-37.01308	#systeme  DGsolv_calc  DGsolv_expt (kJ/mol)
29
#    charge    sigma(Ang)  epsilon(kJ/mol)  x         y         z        Zatomic
1 -0.149600   3.39967   1.91652             1.160     2.120     3.260         6
2  0.634401   3.39967   1.50658             0.970     1.010     2.280         6
3 -0.539401   2.95992   3.67887             0.720    -0.150     2.590         8
4 -0.441400   3.00001   2.97813             1.110     1.500     1.010         8
5  0.128000   3.39967   1.91652             0.950     0.540    -0.030         6
6  0.142900   3.39967   1.91652             1.140     1.230    -1.370         6
7  0.128000   3.39967   1.91652             0.990     0.260    -2.540         6
8 -0.441400   3.00001   2.97813             1.950    -0.780    -2.430         8
9  0.634401   3.39967   1.50658             1.920    -1.730    -3.410         6
10 -0.539401   2.95992   3.67887             1.140    -1.760    -4.360         8
11 -0.149600   3.39967   1.91652             2.990    -2.750    -3.170         6
12 -0.421000   3.00001   2.97813             2.470     1.770    -1.410         8
13  0.636301   3.39967   1.50658             2.620     2.910    -2.140         6
14 -0.544601   2.95992   3.67887             1.740     3.500    -2.760         8
15 -0.148800   3.39967   1.91652             4.050     3.360    -2.080         6
16  0.077400   2.64953   0.27504             2.210     2.190     3.540         1
17  0.077400   2.64953   0.27504             0.540     1.950     4.140         1
18  0.077400   2.64953   0.27504             0.860     3.070     2.810         1
19  0.069800   2.47135   0.27504             1.700    -0.250     0.120         1
20  0.069800   2.47135   0.27504            -0.050     0.110     0.050         1
21  0.095700   2.47135   0.27504             0.460     2.080    -1.470         1
22  0.069800   2.47135   0.27504             1.130     0.750    -3.500         1
23  0.069800   2.47135   0.27504            -0.000    -0.220    -2.520         1
24  0.077400   2.64953   0.27504             2.590    -3.560    -2.550         1
25  0.077400   2.64953   0.27504             3.850    -2.280    -2.690         1
26  0.077400   2.64953   0.27504             3.310    -3.170    -4.130         1
27  0.077300   2.64953   0.27504             4.610     2.910    -2.900         1
28  0.077300   2.64953   0.27504             4.480     3.090    -1.120         1
29  0.077300   2.64953   0.27504             4.090     4.450    -2.190         1
