mobley_2023925	-4.840172	0.4187	#systeme  DGsolv_calc  DGsolv_expt (kJ/mol)
12
#    charge    sigma(Ang)  epsilon(kJ/mol)  x         y         z        Zatomic
1  0.199100   3.39967   1.91652            -0.500    -0.150     0.280         6
2  0.110900   2.29317   0.27504            -0.700     0.850     0.680         1
3  0.648001   3.39967   1.91652            -0.070    -1.070     1.410         6
4 -0.215600   3.11815   1.06862            -1.030    -1.160     2.360        10
5 -0.215600   3.11815   1.06862             1.040    -0.600     2.010        10
6 -0.215600   3.11815   1.06862             0.200    -2.310     0.960        10
7 -0.433200   3.00001   2.97813            -1.670    -0.700    -0.320         8
8  0.591501   3.39967   1.91652            -2.520     0.280    -0.870         6
9 -0.220500   3.11815   1.06862            -2.920     1.100     0.140        10
10 -0.220500   3.11815   1.06862            -3.630    -0.320    -1.360        10
11 -0.138100   3.47094   4.64238             0.800    -0.030    -0.930        18
12  0.109600   2.11499   0.27504            -2.050     0.880    -1.660         1
