mobley_6632459	-13.180676	-14.36141	#systeme  DGsolv_calc  DGsolv_expt (kJ/mol)
10
#    charge    sigma(Ang)  epsilon(kJ/mol)  x         y         z        Zatomic
1 -0.088900   3.39967   1.91652             0.430    -0.810     0.600         6
2 -0.198500   3.39967   1.91652            -0.660    -1.680     1.200         6
3  0.561601   3.39967   1.50658            -1.540    -2.320     0.150         6
4 -0.522901   2.95992   3.67887            -1.410    -2.170    -1.060         8
5  0.043400   2.64953   0.27504             1.050    -0.360     1.380         1
6  0.043400   2.64953   0.27504            -0.000     0.000     0.000         1
7  0.043400   2.64953   0.27504             1.070    -1.410    -0.060         1
8  0.065200   2.64953   0.27504            -0.210    -2.480     1.790         1
9  0.065200   2.64953   0.27504            -1.300    -1.080     1.850         1
10 -0.011900   2.51055   0.26278            -2.350    -2.960     0.550         1
