mobley_9114381	-26.62932	-28.13664	#systeme  DGsolv_calc  DGsolv_expt (kJ/mol)
12
#    charge    sigma(Ang)  epsilon(kJ/mol)  x         y         z        Zatomic
1  0.128200   3.39967   1.91652            -0.930     0.570     0.080         6
2 -0.445400   3.00001   2.97813            -1.250     0.800     1.460         8
3  0.631401   3.39967   1.50658            -1.460    -0.330     2.210         6
4 -0.511201   2.95992   3.67887            -1.390    -1.480     1.800         8
5 -0.065800   3.39967   1.91652            -1.780     0.090     3.630         6
6  0.208100   3.39967   3.67887            -2.020    -1.070     4.500         6
7 -0.333300   3.25000   2.97813            -2.210    -1.980     5.190         7
8  0.055200   2.47135   0.27504            -0.780     1.530    -0.420         1
9  0.055200   2.47135   0.27504            -1.740     0.010    -0.390         1
10  0.055200   2.47135   0.27504            -0.010    -0.010     0.030         1
11  0.111200   2.64953   0.27504            -2.680     0.720     3.600         1
12  0.111200   2.64953   0.27504            -0.940     0.670     4.010         1
