mobley_5760563	-35.216857	-21.3537	#systeme  DGsolv_calc  DGsolv_expt (kJ/mol)
13
#    charge    sigma(Ang)  epsilon(kJ/mol)  x         y         z        Zatomic
1  0.146100   3.39967   1.91652             0.910     0.590    -0.190         6
2 -0.541101   3.00001   2.97813             1.020     1.570     0.830         8
3  1.816802   3.56359   4.37960             2.360     2.510     0.890        16
4 -0.676901   2.95992   3.67887             2.450     3.240    -0.360         8
5 -0.676901   2.95992   3.67887             3.460     1.680     1.340         8
6 -0.541101   3.00001   2.97813             2.000     3.570     2.080         8
7  0.146100   3.39967   1.91652             2.950     4.560     2.420         6
8  0.054500   2.47135   0.27504            -0.040     0.060    -0.090         1
9  0.054500   2.47135   0.27504             1.740    -0.110    -0.120         1
10  0.054500   2.47135   0.27504             0.940     1.090    -1.160         1
11  0.054500   2.47135   0.27504             2.550     5.180     3.230         1
12  0.054500   2.47135   0.27504             3.170     5.180     1.540         1
13  0.054500   2.47135   0.27504             3.870     4.070     2.760         1
