mobley_4613090	-33.483439	-31.94681	#systeme  DGsolv_calc  DGsolv_expt (kJ/mol)
22
#    charge    sigma(Ang)  epsilon(kJ/mol)  x         y         z        Zatomic
1 -0.117300   3.39967   1.50658             1.890    -1.040    -0.110         6
2 -0.129100   3.39967   1.50658             2.920    -1.630     0.610         6
3 -0.108800   3.39967   1.50658             2.880    -1.650     2.000         6
4 -0.120200   3.39967   1.50658             1.800    -1.080     2.680         6
5 -0.108800   3.39967   1.50658             0.760    -0.480     1.960         6
6 -0.129100   3.39967   1.50658             0.810    -0.460     0.560         6
7  0.088600   3.39967   1.91652             1.750    -1.100     4.170         6
8 -0.207500   3.25000   2.97813             2.400     0.080     4.750         7
9 -0.255600   3.39967   1.50658             3.720     0.210     5.100         6
10  0.289800   3.39967   1.50658             3.970     1.460     5.620         6
11 -0.666801   3.25000   2.97813             2.770     2.100     5.590         7
12  0.390600   3.39967   1.50658             1.850     1.240     5.060         6
13  0.134600   2.59964   0.26278             1.920    -1.020    -1.200         1
14  0.135800   2.59964   0.26278             3.760    -2.080     0.080         1
15  0.131900   2.59964   0.26278             3.690    -2.120     2.560         1
16  0.131900   2.59964   0.26278            -0.080    -0.040     2.470         1
17  0.135800   2.59964   0.26278            -0.000    -0.000     0.000         1
18  0.066100   2.47135   0.27504             0.720    -1.140     4.540         1
19  0.066100   2.47135   0.27504             2.260    -1.990     4.580         1
20  0.173900   2.51055   0.26278             4.390    -0.620     4.950         1
21  0.040800   2.51055   0.26278             4.880     1.900     5.990         1
22  0.057300   2.42146   0.26278             0.810     1.500     4.920         1
