mobley_2727678	-74.285754	-78.38064	#systeme  DGsolv_calc  DGsolv_expt (kJ/mol)
12
#    charge    sigma(Ang)  epsilon(kJ/mol)  x         y         z        Zatomic
1  0.091100   3.39967   1.50658             0.680     1.330    -0.060         6
2 -0.191400   3.39967   1.50658            -0.420     0.970     0.620         6
3  0.726101   3.39967   1.50658            -0.890    -0.440     0.500         6
4 -0.585701   2.95992   3.67887            -1.890    -0.850     1.090         8
5 -0.584201   3.25000   2.97813            -0.110    -1.250    -0.320         7
6  0.803601   3.39967   1.50658             1.030    -0.860    -1.030         6
7 -0.625801   2.95992   3.67887             1.660    -1.640    -1.740         8
8 -0.465700   3.25000   2.97813             1.380     0.460    -0.850         7
9 -0.056000   3.83086   8.75920            -1.450     2.290     1.790        63
10  0.170200   2.51055   0.26278             1.090     2.340    -0.030         1
11  0.358300   1.06908   0.27504            -0.410    -2.220    -0.420         1
12  0.359500   1.06908   0.27504             2.200     0.820    -1.340         1
