mobley_3266352	-16.597268	-8.03904	#systeme  DGsolv_calc  DGsolv_expt (kJ/mol)
23
#    charge    sigma(Ang)  epsilon(kJ/mol)  x         y         z        Zatomic
1  0.208700   3.39967   1.91652             1.100    -1.920    -2.310         6
2 -0.705801   3.25000   2.97813             1.930    -1.010    -1.520         7
3  0.216800   3.39967   1.91652             2.790    -0.080    -2.230         6
4  0.574701   3.39967   1.91652             4.150    -0.670    -2.470         6
5 -0.240700   3.11815   1.06862             4.020    -1.790    -3.220        10
6 -0.240700   3.11815   1.06862             4.960     0.170    -3.140        10
7 -0.240700   3.11815   1.06862             4.760    -1.010    -1.320        10
8  0.186600   3.39967   1.50658             1.890    -1.040    -0.110         6
9 -0.183800   3.39967   1.50658             2.940    -0.500     0.630         6
10 -0.093800   3.39967   1.50658             2.890    -0.520     2.020         6
11 -0.164500   3.39967   1.50658             1.800    -1.080     2.680         6
12 -0.093800   3.39967   1.50658             0.750    -1.620     1.940         6
13 -0.183800   3.39967   1.50658             0.790    -1.600     0.540         6
14  0.044200   2.47135   0.27504             0.510    -2.560    -1.650         1
15  0.044200   2.47135   0.27504             1.730    -2.550    -2.950         1
16  0.044200   2.47135   0.27504             0.420    -1.350    -2.950         1
17  0.084000   2.47135   0.27504             2.290     0.170    -3.160         1
18  0.084000   2.47135   0.27504             2.850     0.820    -1.610         1
19  0.131500   2.59964   0.26278             3.800    -0.050     0.130         1
20  0.131700   2.59964   0.26278             3.710    -0.090     2.600         1
21  0.133800   2.59964   0.26278             1.760    -1.100     3.760         1
22  0.131700   2.59964   0.26278            -0.110    -2.060     2.450         1
23  0.131500   2.59964   0.26278            -0.040    -2.020    -0.020         1
