mobley_1849020	-29.409488	-27.2155	#systeme  DGsolv_calc  DGsolv_expt (kJ/mol)
34
#    charge    sigma(Ang)  epsilon(kJ/mol)  x         y         z        Zatomic
1 -0.098000   3.39967   1.91652             2.180    -0.510    -0.490         6
2  0.151900   3.39967   1.91652             0.770    -0.630     0.030         6
3 -0.503401   3.00001   2.97813             0.510    -1.990     0.350         8
4  0.878701   3.74177   3.50368            -0.950    -2.440     0.940        15
5 -0.440000   3.56359   4.37960            -2.410    -2.010    -0.310        16
6 -0.503401   3.00001   2.97813            -0.670    -4.040     1.040         8
7  0.151900   3.39967   1.91652            -1.680    -4.920     1.520         6
8 -0.098000   3.39967   1.91652            -1.150    -6.340     1.510         6
9 -0.399000   3.56359   4.37960            -1.060    -1.700     2.930        16
10  0.152700   3.39967   1.91652             0.310    -2.480     3.800         6
11 -0.117400   3.56359   4.37960             0.400    -1.980     5.550        16
12 -0.045700   3.39967   1.50658             1.820    -2.910     6.100         6
13 -0.087100   3.39967   1.50658             2.250    -2.810     7.430         6
14 -0.128500   3.39967   1.50658             3.360    -3.530     7.860         6
15  0.034700   3.39967   1.50658             4.050    -4.350     6.970         6
16 -0.128500   3.39967   1.50658             3.620    -4.450     5.640         6
17 -0.087100   3.39967   1.50658             2.510    -3.730     5.210         6
18 -0.086600   3.47094   4.64238             5.420    -5.250     7.500        18
19  0.057700   2.64953   0.27504             2.420     0.530    -0.740         1
20  0.057700   2.64953   0.27504             2.900    -0.860     0.260         1
21  0.057700   2.64953   0.27504             2.320    -1.130    -1.380         1
22  0.053600   2.47135   0.27504             0.050    -0.300    -0.720         1
23  0.053600   2.47135   0.27504             0.640    -0.030     0.940         1
24  0.053600   2.47135   0.27504            -1.950    -4.620     2.540         1
25  0.053600   2.47135   0.27504            -2.560    -4.830     0.880         1
26  0.057700   2.64953   0.27504            -1.910    -7.040     1.880         1
27  0.057700   2.64953   0.27504            -0.860    -6.630     0.500         1
28  0.057700   2.64953   0.27504            -0.260    -6.420     2.140         1
29  0.098100   2.29317   0.27504             1.250    -2.270     3.290         1
30  0.098100   2.29317   0.27504             0.160    -3.570     3.770         1
31  0.146600   2.59964   0.26278             1.730    -2.170     8.140         1
32  0.151400   2.59964   0.26278             3.680    -3.440     8.890         1
33  0.151400   2.59964   0.26278             4.140    -5.090     4.930         1
34  0.146600   2.59964   0.26278             2.190    -3.820     4.170         1
