mobley_9007496	-43.695532	-39.56715	#systeme  DGsolv_calc  DGsolv_expt (kJ/mol)
26
#    charge    sigma(Ang)  epsilon(kJ/mol)  x         y         z        Zatomic
1  0.093800   3.39967   1.91652            -3.460    -6.620    -0.230         6
2 -0.560501   3.25000   2.97813            -2.530    -5.830     0.540         7
3  0.741901   3.39967   1.50658            -1.690    -4.880    -0.010         6
4 -0.559401   2.95992   3.67887            -1.620    -4.590    -1.200         8
5 -0.381200   3.00001   2.97813            -0.910    -4.310     1.000         8
6  0.127900   3.39967   1.50658            -0.050    -3.350     0.550         6
7 -0.121100   3.39967   1.50658            -0.500    -2.030     0.490         6
8 -0.119900   3.39967   1.50658             0.350    -1.030     0.040         6
9 -0.115100   3.39967   1.50658             1.650    -1.340    -0.370         6
10 -0.030100   3.39967   1.50658             2.120    -2.660    -0.320         6
11 -0.032600   3.39967   1.50658             1.260    -3.680     0.140         6
12 -0.105700   3.39967   1.50658             1.720    -5.010     0.180         6
13 -0.125600   3.39967   1.50658             3.020    -5.320    -0.220         6
14 -0.123600   3.39967   1.50658             3.870    -4.310    -0.680         6
15 -0.118500   3.39967   1.50658             3.420    -2.990    -0.730         6
16  0.047000   2.47135   0.27504            -2.980    -7.540    -0.570         1
17  0.047000   2.47135   0.27504            -3.800    -6.050    -1.100         1
18  0.047000   2.47135   0.27504            -4.330    -6.870     0.380         1
19  0.331800   1.06908   0.27504            -2.500    -5.970     1.550         1
20  0.147000   2.59964   0.26278            -1.510    -1.780     0.810         1
21  0.136900   2.59964   0.26278             0.000     0.000     0.000         1
22  0.135200   2.59964   0.26278             2.290    -0.530    -0.720         1
23  0.138400   2.59964   0.26278             1.090    -5.820     0.530         1
24  0.133900   2.59964   0.26278             3.370    -6.340    -0.180         1
25  0.132700   2.59964   0.26278             4.880    -4.550    -0.990         1
26  0.132800   2.59964   0.26278             4.100    -2.220    -1.090         1
