mobley_8739734	-12.887586	-13.56588	#systeme  DGsolv_calc  DGsolv_expt (kJ/mol)
16
#    charge    sigma(Ang)  epsilon(kJ/mol)  x         y         z        Zatomic
1 -0.086300   3.39967   1.91652             1.750     3.810     0.330         6
2 -0.164000   3.39967   1.91652             0.290     3.440     0.590         6
3 -0.086300   3.39967   1.91652            -0.640     4.560     0.150         6
4  0.566501   3.39967   1.50658            -0.050     2.130    -0.120         6
5 -0.531301   2.95992   3.67887            -0.480     2.110    -1.270         8
6 -0.203100   3.39967   1.91652             0.210     0.860     0.640         6
7  0.042800   2.64953   0.27504             2.430     3.010     0.650         1
8  0.042800   2.64953   0.27504             1.920     4.000    -0.730         1
9  0.042800   2.64953   0.27504             2.030     4.710     0.880         1
10  0.058100   2.64953   0.27504             0.140     3.280     1.670         1
11  0.042800   2.64953   0.27504            -1.690     4.300     0.340         1
12  0.042800   2.64953   0.27504            -0.540     4.770    -0.920         1
13  0.042800   2.64953   0.27504            -0.420     5.490     0.700         1
14  0.063200   2.64953   0.27504            -0.680     0.580     1.210         1
15  0.063200   2.64953   0.27504             1.040     1.000     1.330         1
16  0.063200   2.64953   0.27504             0.470     0.060    -0.060         1
