mobley_5346580	-13.540758	-13.02157	#systeme  DGsolv_calc  DGsolv_expt (kJ/mol)
19
#    charge    sigma(Ang)  epsilon(kJ/mol)  x         y         z        Zatomic
1 -0.197200   3.39967   1.91652            -0.630    -0.380    -0.540         6
2  0.569301   3.39967   1.50658            -1.950    -0.900    -0.030         6
3 -0.534301   2.95992   3.67887            -2.890    -1.040    -0.820         8
4 -0.148600   3.39967   1.91652            -2.100    -1.210     1.470         6
5 -0.083900   3.39967   1.91652            -1.840     0.070     2.270         6
6 -0.083900   3.39967   1.91652            -1.110    -2.310     1.890         6
7 -0.083900   3.39967   1.91652            -3.530    -1.700     1.750         6
8  0.063300   2.64953   0.27504            -0.620     0.710    -0.470         1
9  0.063300   2.64953   0.27504             0.190    -0.760     0.070         1
10  0.063300   2.64953   0.27504            -0.490    -0.660    -1.580         1
11  0.041400   2.64953   0.27504            -1.930    -0.100     3.350         1
12  0.041400   2.64953   0.27504            -0.830     0.460     2.090         1
13  0.041400   2.64953   0.27504            -2.550     0.860     2.000         1
14  0.041400   2.64953   0.27504            -1.200    -2.540     2.960         1
15  0.041400   2.64953   0.27504            -0.080    -2.000     1.710         1
16  0.041400   2.64953   0.27504            -1.290    -3.240     1.340         1
17  0.041400   2.64953   0.27504            -3.660    -1.930     2.820         1
18  0.041400   2.64953   0.27504            -3.760    -2.610     1.190         1
19  0.041400   2.64953   0.27504            -4.270    -0.950     1.480         1
