mobley_7157427	6.142329	1.21423	#systeme  DGsolv_calc  DGsolv_expt (kJ/mol)
23
#    charge    sigma(Ang)  epsilon(kJ/mol)  x         y         z        Zatomic
1 -0.092000   3.39967   1.91652            -3.620     0.610     0.490         6
2 -0.079500   3.39967   1.91652            -2.140     0.710     0.830         6
3 -0.078700   3.39967   1.91652            -1.270     0.120    -0.280         6
4 -0.077300   3.39967   1.91652             0.220     0.220     0.070         6
5 -0.079300   3.39967   1.91652             1.090    -0.370    -1.040         6
6 -0.092300   3.39967   1.91652             2.590    -0.300    -0.740         6
7  0.039700   3.39967   1.91652             3.450    -0.880    -1.850         6
8 -0.200600   3.47094   4.64238             5.170    -0.760    -1.430        18
9  0.033400   2.64953   0.27504            -4.230     1.040     1.300         1
10  0.033400   2.64953   0.27504            -3.840     1.170    -0.430         1
11  0.033400   2.64953   0.27504            -3.920    -0.430     0.350         1
12  0.038600   2.64953   0.27504            -1.960     0.170     1.770         1
13  0.038600   2.64953   0.27504            -1.880     1.760     1.000         1
14  0.038800   2.64953   0.27504            -1.460     0.660    -1.220         1
15  0.038800   2.64953   0.27504            -1.540    -0.930    -0.440         1
16  0.041400   2.64953   0.27504             0.400    -0.320     1.010         1
17  0.041400   2.64953   0.27504             0.490     1.270     0.240         1
18  0.041200   2.64953   0.27504             0.900     0.180    -1.970         1
19  0.041200   2.64953   0.27504             0.800    -1.410    -1.230         1
20  0.056200   2.64953   0.27504             2.850     0.760    -0.590         1
21  0.056200   2.64953   0.27504             2.800    -0.810     0.210         1
22  0.063700   2.47135   0.27504             3.230    -1.940    -2.020         1
23  0.063700   2.47135   0.27504             3.300    -0.340    -2.790         1
