mobley_7859387	-11.321648	-11.17929	#systeme  DGsolv_calc  DGsolv_expt (kJ/mol)
22
#    charge    sigma(Ang)  epsilon(kJ/mol)  x         y         z        Zatomic
1 -0.092100   3.39967   1.91652            -3.520    -0.170     0.120         6
2 -0.080100   3.39967   1.91652            -2.180     0.220    -0.490         6
3 -0.078900   3.39967   1.91652            -1.010    -0.380     0.290         6
4 -0.077200   3.39967   1.91652             0.330     0.010    -0.320         6
5 -0.075600   3.39967   1.91652             1.500    -0.590     0.460         6
6 -0.196900   3.39967   1.91652             2.850    -0.210    -0.130         6
7  0.561001   3.39967   1.50658             3.990    -0.820     0.660         6
8 -0.525201   2.95992   3.67887             3.820    -1.520     1.640         8
9  0.033500   2.64953   0.27504            -4.340     0.270    -0.450         1
10  0.033500   2.64953   0.27504            -3.600     0.180     1.150         1
11  0.033500   2.64953   0.27504            -3.650    -1.260     0.120         1
12  0.037300   2.64953   0.27504            -2.100     1.310    -0.500         1
13  0.037300   2.64953   0.27504            -2.150    -0.120    -1.530         1
14  0.041700   2.64953   0.27504            -1.050    -0.050     1.340         1
15  0.041700   2.64953   0.27504            -1.100    -1.480     0.300         1
16  0.037600   2.64953   0.27504             0.370    -0.330    -1.360         1
17  0.037600   2.64953   0.27504             0.420     1.110    -0.330         1
18  0.054000   2.64953   0.27504             1.410    -1.680     0.450         1
19  0.054000   2.64953   0.27504             1.440    -0.270     1.510         1
20  0.065900   2.64953   0.27504             2.980     0.880    -0.170         1
21  0.065900   2.64953   0.27504             2.930    -0.590    -1.150         1
22 -0.008500   2.51055   0.26278             5.000    -0.550     0.320         1
