mobley_588781	-0.4187	-0.16748	#systeme  DGsolv_calc  DGsolv_expt (kJ/mol)
30
#    charge    sigma(Ang)  epsilon(kJ/mol)  x         y         z        Zatomic
1 -0.092300   3.39967   1.91652             0.570    -0.310    -0.880         6
2 -0.079800   3.39967   1.91652            -0.130     0.150    -2.160         6
3 -0.077500   3.39967   1.91652            -1.520    -0.450    -2.280         6
4 -0.082500   3.39967   1.91652            -2.220     0.010    -3.570         6
5 -0.071900   3.39967   1.91652            -3.620    -0.590    -3.690         6
6 -0.037500   3.39967   1.91652            -4.310    -0.130    -4.980         6
7 -0.076500   3.39967   1.50658            -5.680    -0.710    -5.110         6
8 -0.128300   3.39967   1.50658            -5.860    -1.930    -5.770         6
9 -0.128500   3.39967   1.50658            -7.140    -2.480    -5.890         6
10 -0.133700   3.39967   1.50658            -8.240    -1.800    -5.360         6
11 -0.128500   3.39967   1.50658            -8.060    -0.580    -4.710         6
12 -0.128300   3.39967   1.50658            -6.780    -0.040    -4.590         6
13  0.032600   2.64953   0.27504             1.560     0.140    -0.810         1
14  0.032600   2.64953   0.27504            -0.000    -0.000     0.000         1
15  0.032600   2.64953   0.27504             0.670    -1.400    -0.860         1
16  0.038400   2.64953   0.27504             0.480    -0.140    -3.020         1
17  0.038400   2.64953   0.27504            -0.190     1.250    -2.160         1
18  0.038100   2.64953   0.27504            -1.460    -1.550    -2.280         1
19  0.038100   2.64953   0.27504            -2.130    -0.160    -1.420         1
20  0.042900   2.64953   0.27504            -1.610    -0.280    -4.440         1
21  0.042900   2.64953   0.27504            -2.290     1.110    -3.570         1
22  0.041200   2.64953   0.27504            -4.220    -0.310    -2.820         1
23  0.041200   2.64953   0.27504            -3.550    -1.690    -3.680         1
24  0.047200   2.64953   0.27504            -4.380     0.970    -5.000         1
25  0.047200   2.64953   0.27504            -3.710    -0.420    -5.850         1
26  0.131100   2.59964   0.26278            -5.010    -2.470    -6.180         1
27  0.129900   2.59964   0.26278            -7.270    -3.430    -6.400         1
28  0.129900   2.59964   0.26278            -9.230    -2.220    -5.460         1
29  0.129900   2.59964   0.26278            -8.910    -0.050    -4.300         1
30  0.131100   2.59964   0.26278            -6.650     0.910    -4.080         1
