mobley_3047364	-44.181224	-32.03055	#systeme  DGsolv_calc  DGsolv_expt (kJ/mol)
32
#    charge    sigma(Ang)  epsilon(kJ/mol)  x         y         z        Zatomic
1 -0.129200   3.39967   1.91652            -1.540    -1.560    -4.850         6
2  0.198600   3.39967   1.91652            -0.330    -2.140    -4.210         6
3 -0.816601   3.25000   2.97813            -0.150    -1.620    -2.870         7
4  0.904401   3.39967   1.50658             0.910    -1.990    -2.020         6
5 -0.822201   3.25000   2.97813             0.940    -1.420    -0.810         7
6  0.917301   3.39967   1.50658             1.980    -1.820    -0.050         6
7 -0.776401   3.25000   2.97813             2.930    -2.700    -0.400         7
8  0.798001   3.39967   1.50658             2.770    -3.190    -1.640         6
9 -0.806701   3.25000   2.97813             1.790    -2.880    -2.510         7
10 -0.248500   3.56359   4.37960             3.990    -4.360    -2.200        16
11 -0.064600   3.39967   1.91652             5.420    -3.780    -1.270         6
12 -0.844201   3.25000   2.97813             2.070    -1.270     1.220         7
13  0.231400   3.39967   1.91652             3.150    -1.600     2.180         6
14 -0.116600   3.39967   1.91652             2.620    -1.470     3.600         6
15 -0.116600   3.39967   1.91652             4.330    -0.670     1.940         6
16  0.045300   2.64953   0.27504            -1.670    -1.960    -5.870         1
17  0.045300   2.64953   0.27504            -2.440    -1.770    -4.260         1
18  0.045300   2.64953   0.27504            -1.430    -0.470    -4.930         1
19  0.060100   2.47135   0.27504             0.570    -1.890    -4.780         1
20  0.060100   2.47135   0.27504            -0.410    -3.230    -4.130         1
21  0.423300   1.06908   0.27504            -0.830    -0.950    -2.530         1
22  0.073000   2.47135   0.27504             6.290    -4.400    -1.490         1
23  0.073000   2.47135   0.27504             5.210    -3.830    -0.200         1
24  0.073000   2.47135   0.27504             5.640    -2.740    -1.540         1
25  0.439800   1.06908   0.27504             1.360    -0.600     1.510         1
26  0.073500   2.47135   0.27504             3.460    -2.640     2.000         1
27  0.046700   2.64953   0.27504             3.390    -1.710     4.330         1
28  0.046700   2.64953   0.27504             2.260    -0.460     3.800         1
29  0.046700   2.64953   0.27504             1.770    -2.160     3.760         1
30  0.046700   2.64953   0.27504             5.150    -0.890     2.630         1
31  0.046700   2.64953   0.27504             4.040     0.380     2.080         1
32  0.046700   2.64953   0.27504             4.730    -0.780     0.920         1
