mobley_7758918	-38.051456	-27.04802	#systeme  DGsolv_calc  DGsolv_expt (kJ/mol)
11
#    charge    sigma(Ang)  epsilon(kJ/mol)  x         y         z        Zatomic
1 -0.088400   3.39967   1.91652             0.770    -0.580    -0.520         6
2 -0.174600   3.39967   1.91652             0.390    -0.810    -1.970         6
3  0.623001   3.39967   1.50658            -0.910    -1.560    -2.110         6
4 -0.481600   2.95992   3.67887            -1.610    -1.960    -1.190         8
5 -0.586801   3.06647   3.68587            -1.210    -1.740    -3.420         8
6  0.050400   2.64953   0.27504             1.720    -0.040    -0.450         1
7  0.050400   2.64953   0.27504             0.000     0.000    -0.000         1
8  0.050400   2.64953   0.27504             0.880    -1.530     0.010         1
9  0.067900   2.64953   0.27504             0.290     0.160    -2.480         1
10  0.067900   2.64953   0.27504             1.180    -1.390    -2.470         1
11  0.421400   0.00000   0.00000            -0.520    -1.350    -4.010         1
