mobley_5747981	-22.760532	-23.99151	#systeme  DGsolv_calc  DGsolv_expt (kJ/mol)
24
#    charge    sigma(Ang)  epsilon(kJ/mol)  x         y         z        Zatomic
1  0.109100   3.39967   1.91652             1.690    -1.600    -2.970         6
2 -0.386900   3.00001   2.97813             0.760    -1.470    -1.900         8
3  0.107700   3.39967   1.91652             0.910    -0.230    -1.230         6
4  0.529501   3.39967   1.91652            -0.120    -0.130    -0.080         6
5 -0.439100   3.00001   2.97813            -0.220    -1.410     0.580         8
6  0.132100   3.39967   1.91652             0.810    -1.710     1.510         6
7 -0.439100   3.00001   2.97813            -1.380     0.180    -0.720         8
8  0.132100   3.39967   1.91652            -2.460     0.310     0.200         6
9 -0.439100   3.00001   2.97813             0.260     0.890     0.870         8
10  0.132100   3.39967   1.91652             0.370     2.210     0.350         6
11  0.035500   2.47135   0.27504             1.550    -2.560    -3.470         1
12  0.035500   2.47135   0.27504             2.710    -1.530    -2.580         1
13  0.035500   2.47135   0.27504             1.520    -0.800    -3.690         1
14  0.047100   2.47135   0.27504             1.940    -0.150    -0.860         1
15  0.047100   2.47135   0.27504             0.750     0.560    -1.970         1
16  0.040100   2.47135   0.27504             0.630    -2.700     1.940         1
17  0.040100   2.47135   0.27504             0.820    -0.950     2.290         1
18  0.040100   2.47135   0.27504             1.770    -1.710     0.990         1
19  0.040100   2.47135   0.27504            -3.370     0.540    -0.360         1
20  0.040100   2.47135   0.27504            -2.240     1.110     0.910         1
21  0.040100   2.47135   0.27504            -2.590    -0.630     0.730         1
22  0.040100   2.47135   0.27504             0.660     2.890     1.160         1
23  0.040100   2.47135   0.27504            -0.590     2.510    -0.070         1
24  0.040100   2.47135   0.27504             1.130     2.220    -0.430         1
