mobley_5445548	-2.822038	-1.2561	#systeme  DGsolv_calc  DGsolv_expt (kJ/mol)
21
#    charge    sigma(Ang)  epsilon(kJ/mol)  x         y         z        Zatomic
1 -0.087900   3.39967   1.91652             2.640     0.240    -2.130         6
2 -0.026400   3.39967   1.91652             1.930    -1.010    -1.600         6
3 -0.087900   3.39967   1.91652             0.530    -1.150    -2.210         6
4 -0.071900   3.39967   1.50658             1.890    -1.040    -0.110         6
5 -0.127700   3.39967   1.50658             2.920    -1.630     0.610         6
6 -0.129100   3.39967   1.50658             2.880    -1.650     2.000         6
7 -0.133800   3.39967   1.50658             1.800    -1.080     2.680         6
8 -0.129100   3.39967   1.50658             0.760    -0.480     1.960         6
9 -0.127700   3.39967   1.50658             0.810    -0.460     0.560         6
10  0.036500   2.64953   0.27504             3.640     0.350    -1.700         1
11  0.036500   2.64953   0.27504             2.060     1.140    -1.870         1
12  0.036500   2.64953   0.27504             2.740     0.210    -3.220         1
13  0.050300   2.64953   0.27504             2.520    -1.880    -1.950         1
14  0.036500   2.64953   0.27504             0.030    -2.050    -1.840         1
15  0.036500   2.64953   0.27504             0.590    -1.230    -3.300         1
16  0.036500   2.64953   0.27504            -0.100    -0.280    -1.980         1
17  0.131800   2.59964   0.26278             3.770    -2.080     0.090         1
18  0.129400   2.59964   0.26278             3.690    -2.120     2.560         1
19  0.129800   2.59964   0.26278             1.770    -1.100     3.760         1
20  0.129400   2.59964   0.26278            -0.080    -0.040     2.480         1
21  0.131800   2.59964   0.26278            -0.010     0.000     0.010         1
