mobley_6714389	-15.002021	-19.05085	#systeme  DGsolv_calc  DGsolv_expt (kJ/mol)
7
#    charge    sigma(Ang)  epsilon(kJ/mol)  x         y         z        Zatomic
1  0.153100   3.39967   1.91652            -0.620    -0.750     0.500         6
2 -0.928901   3.25000   2.97813            -1.850    -0.940    -0.210         7
3  0.025200   2.47135   0.27504            -0.270    -1.700     0.910         1
4  0.025200   2.47135   0.27504            -0.760    -0.040     1.330         1
5  0.025200   2.47135   0.27504             0.150    -0.350    -0.170         1
6  0.350100   1.06908   0.27504            -2.720    -0.950     0.300         1
7  0.350100   1.06908   0.27504            -1.820    -1.260    -1.170         1
