mobley_8006582	6.900176	5.0244	#systeme  DGsolv_calc  DGsolv_expt (kJ/mol)
15
#    charge    sigma(Ang)  epsilon(kJ/mol)  x         y         z        Zatomic
1 -0.080600   3.39967   1.91652            -0.250     0.850    -0.930         6
2 -0.080600   3.39967   1.91652             1.130     0.480    -0.370         6
3 -0.080600   3.39967   1.91652             0.850    -0.330     0.890         6
4 -0.080600   3.39967   1.91652            -0.460    -1.040     0.560         6
5 -0.080600   3.39967   1.91652            -1.270     0.040    -0.150         6
6  0.040300   2.64953   0.27504            -0.290     0.620    -2.000         1
7  0.040300   2.64953   0.27504            -0.440     1.930    -0.820         1
8  0.040300   2.64953   0.27504             1.670    -0.140    -1.100         1
9  0.040300   2.64953   0.27504             1.740     1.360    -0.160         1
10  0.040300   2.64953   0.27504             1.660    -1.030     1.120         1
11  0.040300   2.64953   0.27504             0.710     0.340     1.740         1
12  0.040300   2.64953   0.27504            -0.270    -1.880    -0.110         1
13  0.040300   2.64953   0.27504            -0.960    -1.420     1.460         1
14  0.040300   2.64953   0.27504            -2.040    -0.390    -0.790         1
15  0.040300   2.64953   0.27504            -1.760     0.680     0.590         1
