mobley_282648	-13.452831	-10.0488	#systeme  DGsolv_calc  DGsolv_expt (kJ/mol)
18
#    charge    sigma(Ang)  epsilon(kJ/mol)  x         y         z        Zatomic
1 -0.127700   3.39967   1.50658            -0.500    -2.030     0.490         6
2 -0.127600   3.39967   1.50658             0.350    -1.030     0.040         6
3 -0.117700   3.39967   1.50658             1.650    -1.340    -0.370         6
4 -0.036900   3.39967   1.50658             2.120    -2.660    -0.320         6
5 -0.117700   3.39967   1.50658             3.420    -2.990    -0.730         6
6 -0.127600   3.39967   1.50658             3.870    -4.310    -0.680         6
7 -0.127600   3.39967   1.50658             3.020    -5.320    -0.220         6
8 -0.117700   3.39967   1.50658             1.720    -5.010     0.180         6
9 -0.036900   3.39967   1.50658             1.260    -3.680     0.140         6
10 -0.117700   3.39967   1.50658            -0.050    -3.350     0.550         6
11  0.131800   2.59964   0.26278            -1.510    -1.790     0.810         1
12  0.131800   2.59964   0.26278            -0.000    -0.000     0.000         1
13  0.131975   2.59964   0.26278             2.290    -0.530    -0.720         1
14  0.131975   2.59964   0.26278             4.100    -2.220    -1.090         1
15  0.131800   2.59964   0.26278             4.880    -4.550    -0.990         1
16  0.131800   2.59964   0.26278             3.370    -6.350    -0.180         1
17  0.131975   2.59964   0.26278             1.080    -5.810     0.540         1
18  0.131975   2.59964   0.26278            -0.730    -4.130     0.900         1
