mobley_2328633	9.969247	10.67685	#systeme  DGsolv_calc  DGsolv_expt (kJ/mol)
30
#    charge    sigma(Ang)  epsilon(kJ/mol)  x         y         z        Zatomic
1 -0.092500   3.39967   1.91652             1.640     1.020    -8.590         6
2 -0.080100   3.39967   1.91652             1.100     1.220    -7.180         6
3 -0.079200   3.39967   1.91652             1.120    -0.090    -6.390         6
4 -0.080000   3.39967   1.91652             0.570     0.110    -4.970         6
5 -0.070300   3.39967   1.91652             0.590    -1.190    -4.180         6
6 -0.068500   3.39967   1.91652             0.040    -1.000    -2.770         6
7 -0.077100   3.39967   1.91652            -1.430    -0.600    -2.750         6
8 -0.079800   3.39967   1.91652            -1.870    -0.910    -1.320         6
9 -0.079800   3.39967   1.91652            -0.920    -1.980    -0.800         6
10 -0.077100   3.39967   1.91652             0.050    -2.280    -1.940         6
11  0.032300   2.64953   0.27504             1.620     1.960    -9.150         1
12  0.032300   2.64953   0.27504             1.040     0.280    -9.130         1
13  0.032300   2.64953   0.27504             2.680     0.660    -8.560         1
14  0.038500   2.64953   0.27504             0.070     1.600    -7.250         1
15  0.038500   2.64953   0.27504             1.690     1.980    -6.670         1
16  0.039300   2.64953   0.27504             2.150    -0.470    -6.330         1
17  0.039300   2.64953   0.27504             0.520    -0.850    -6.910         1
18  0.039700   2.64953   0.27504            -0.460     0.490    -5.030         1
19  0.039700   2.64953   0.27504             1.160     0.870    -4.450         1
20  0.040800   2.64953   0.27504            -0.010    -1.950    -4.690         1
21  0.040800   2.64953   0.27504             1.620    -1.570    -4.110         1
22  0.047300   2.64953   0.27504             0.640    -0.230    -2.260         1
23  0.041500   2.64953   0.27504            -1.580     0.450    -3.010         1
24  0.041500   2.64953   0.27504            -2.010    -1.210    -3.460         1
25  0.039400   2.64953   0.27504            -1.800    -0.010    -0.700         1
26  0.039400   2.64953   0.27504            -2.910    -1.240    -1.300         1
27  0.039400   2.64953   0.27504            -0.370    -1.590     0.070         1
28  0.039400   2.64953   0.27504            -1.450    -2.880    -0.480         1
29  0.041500   2.64953   0.27504             1.050    -2.540    -1.580         1
30  0.041500   2.64953   0.27504            -0.330    -3.130    -2.530         1
