mobley_468867	-4.078138	-10.67685	#systeme  DGsolv_calc  DGsolv_expt (kJ/mol)
22
#    charge    sigma(Ang)  epsilon(kJ/mol)  x         y         z        Zatomic
1 -0.147400   3.39967   1.50658             0.840     1.290    -1.840         6
2 -0.161900   3.39967   1.50658             1.950     0.560    -1.860         6
3  0.081200   3.39967   1.91652             1.740    -0.840    -1.380         6
4  0.097600   2.47135   0.27504             2.410    -1.090    -0.550         1
5 -0.082300   3.39967   1.91652             0.250    -0.890    -0.990         6
6  0.110500   2.64953   0.27504            -0.280    -1.660    -1.570         1
7 -0.046800   3.39967   1.91652            -0.340     0.530    -1.340         6
8  0.102400   2.64953   0.27504            -1.090     0.440    -2.140         1
9  0.083700   3.39967   1.91652            -0.990     0.980     0.020         6
10 -0.023500   3.39967   1.50658             0.130     1.210     1.020         6
11 -0.040900   3.39967   1.50658             0.650     0.010     1.320         6
12  0.081200   3.39967   1.91652            -0.120    -1.030     0.530         6
13  0.132300   3.39967   1.91652            -1.540    -0.380     0.570         6
14 -0.090100   3.47094   4.64238            -2.260    -0.270     2.220        18
15 -0.090100   3.47094   4.64238            -2.770    -1.170    -0.460        18
16 -0.071500   3.47094   4.64238            -0.030    -2.680     1.120        18
17 -0.006100   3.47094   4.64238             1.940    -0.330     2.360        18
18 -0.003400   3.47094   4.64238             0.620     2.730     1.570        18
19 -0.075400   3.47094   4.64238            -2.170     2.260    -0.150        18
20 -0.169900   3.47094   4.64238             2.100    -1.980    -2.700        18
21  0.159200   2.59964   0.26278             0.790     2.330    -2.160         1
22  0.161200   2.59964   0.26278             2.910     0.930    -2.190         1
