mobley_2487143	-12.586122	-13.73336	#systeme  DGsolv_calc  DGsolv_expt (kJ/mol)
19
#    charge    sigma(Ang)  epsilon(kJ/mol)  x         y         z        Zatomic
1 -0.091600   3.39967   1.91652             5.230    -3.770     0.940         6
2 -0.079400   3.39967   1.91652             4.100    -3.000     0.290         6
3 -0.075200   3.39967   1.91652             3.250    -2.270     1.330         6
4 -0.179100   3.39967   1.91652             2.110    -1.490     0.670         6
5  0.562201   3.39967   1.50658             1.240    -0.760     1.670         6
6 -0.532401   2.95992   3.67887             1.460    -0.820     2.890         8
7 -0.204200   3.39967   1.91652             0.060     0.050     1.090         6
8  0.034800   2.64953   0.27504             5.840    -4.290     0.190         1
9  0.034800   2.64953   0.27504             5.890    -3.100     1.500         1
10  0.034800   2.64953   0.27504             4.840    -4.520     1.640         1
11  0.035800   2.64953   0.27504             3.480    -3.690    -0.290         1
12  0.035800   2.64953   0.27504             4.520    -2.270    -0.420         1
13  0.054300   2.64953   0.27504             3.870    -1.590     1.910         1
14  0.054300   2.64953   0.27504             2.830    -3.000     2.030         1
15  0.063200   2.64953   0.27504             2.520    -0.750    -0.020         1
16  0.063200   2.64953   0.27504             1.470    -2.180     0.100         1
17  0.062900   2.64953   0.27504            -0.850    -0.550     1.010         1
18  0.062900   2.64953   0.27504            -0.200     0.930     1.700         1
19  0.062900   2.64953   0.27504             0.280     0.430     0.090         1
