mobley_3395921	-7.574283	-13.06344	#systeme  DGsolv_calc  DGsolv_expt (kJ/mol)
16
#    charge    sigma(Ang)  epsilon(kJ/mol)  x         y         z        Zatomic
1 -0.076900   3.39967   1.91652            -0.460    -0.940    -1.040         6
2 -0.112500   3.39967   1.91652            -0.490    -1.290     0.440         6
3  0.127100   3.39967   1.91652             0.560    -0.500     1.210         6
4 -0.415700   3.00001   2.97813             0.380     0.900     1.000         8
5  0.127100   3.39967   1.91652             0.530     1.260    -0.380         6
6 -0.112500   3.39967   1.91652            -0.520     0.570    -1.240         6
7  0.041900   2.64953   0.27504            -1.300    -1.420    -1.560         1
8  0.041900   2.64953   0.27504             0.460    -1.330    -1.490         1
9  0.049600   2.64953   0.27504            -1.490    -1.050     0.840         1
10  0.049600   2.64953   0.27504            -0.340    -2.370     0.580         1
11  0.045300   2.47135   0.27504             0.460    -0.690     2.280         1
12  0.045300   2.47135   0.27504             1.570    -0.790     0.910         1
13  0.045300   2.47135   0.27504             0.420     2.350    -0.450         1
14  0.045300   2.47135   0.27504             1.550     1.010    -0.710         1
15  0.049600   2.64953   0.27504            -1.510     0.920    -0.940         1
16  0.049600   2.64953   0.27504            -0.370     0.820    -2.290         1
