mobley_1838110	7.080217	7.41099	#systeme  DGsolv_calc  DGsolv_expt (kJ/mol)
8
#    charge    sigma(Ang)  epsilon(kJ/mol)  x         y         z        Zatomic
1  0.495500   3.39967   1.91652             0.730    -0.020     0.280         6
2  0.340100   3.39967   1.91652            -0.660    -0.060    -0.360         6
3 -0.157600   3.11815   1.06862            -0.570    -0.820    -1.480        10
4 -0.093600   3.47094   4.64238            -1.200     1.570    -0.850        18
5 -0.093600   3.47094   4.64238            -1.870    -0.800     0.720        18
6 -0.182900   3.11815   1.06862             1.110    -1.290     0.590        10
7 -0.182900   3.11815   1.06862             1.630     0.420    -0.630        10
8 -0.125000   3.47094   4.64238             0.840     0.990     1.740        18
