mobley_4177472	11.196038	10.71872	#systeme  DGsolv_calc  DGsolv_expt (kJ/mol)
26
#    charge    sigma(Ang)  epsilon(kJ/mol)  x         y         z        Zatomic
1 -0.090000   3.39967   1.91652             0.060     0.710    -2.080         6
2 -0.064600   3.39967   1.91652             0.940     0.320    -0.890         6
3 -0.090000   3.39967   1.91652             2.150     1.260    -0.820         6
4 -0.052100   3.39967   1.91652             0.170     0.240     0.470         6
5 -0.090800   3.39967   1.91652            -0.470     1.580     0.850         6
6 -0.064600   3.39967   1.91652            -0.880    -0.920     0.520         6
7 -0.090000   3.39967   1.91652            -0.380    -2.210    -0.150         6
8 -0.090000   3.39967   1.91652            -1.300    -1.260     1.950         6
9  0.033100   2.64953   0.27504            -0.820     0.060    -2.160         1
10  0.033100   2.64953   0.27504            -0.300     1.740    -1.960         1
11  0.033100   2.64953   0.27504             0.610     0.670    -3.020         1
12  0.045000   2.64953   0.27504             1.360    -0.670    -1.110         1
13  0.033100   2.64953   0.27504             2.800     1.000     0.020         1
14  0.033100   2.64953   0.27504             1.850     2.310    -0.720         1
15  0.033100   2.64953   0.27504             2.750     1.190    -1.730         1
16  0.043800   2.64953   0.27504             0.930     0.020     1.240         1
17  0.033700   2.64953   0.27504            -1.010     1.520     1.800         1
18  0.033700   2.64953   0.27504            -1.210     1.890     0.100         1
19  0.033700   2.64953   0.27504             0.280     2.380     0.930         1
20  0.045000   2.64953   0.27504            -1.790    -0.600    -0.010         1
21  0.033100   2.64953   0.27504            -1.140    -2.990    -0.110         1
22  0.033100   2.64953   0.27504            -0.160    -2.050    -1.220         1
23  0.033100   2.64953   0.27504             0.530    -2.580     0.330         1
24  0.033100   2.64953   0.27504            -2.040    -2.070     1.980         1
25  0.033100   2.64953   0.27504            -1.720    -0.390     2.460         1
26  0.033100   2.64953   0.27504            -0.440    -1.600     2.540         1
