mobley_5310099	11.003436	6.61546	#systeme  DGsolv_calc  DGsolv_expt (kJ/mol)
18
#    charge    sigma(Ang)  epsilon(kJ/mol)  x         y         z        Zatomic
1 -0.092800   3.39967   1.91652            -1.050     2.620     5.470         6
2 -0.079300   3.39967   1.91652            -1.020     2.770     3.950         6
3 -0.071900   3.39967   1.91652             0.090     1.930     3.330         6
4 -0.054900   3.39967   1.91652             0.110     2.090     1.800         6
5 -0.158900   3.39967   1.50658             1.200     1.260     1.190         6
6 -0.225900   3.39967   1.50658             0.990     0.300     0.290         6
7  0.032100   2.64953   0.27504            -1.850     3.220     5.910         1
8  0.032100   2.64953   0.27504            -0.100     2.940     5.900         1
9  0.032100   2.64953   0.27504            -1.220     1.570     5.750         1
10  0.040800   2.64953   0.27504            -1.990     2.470     3.540         1
11  0.040800   2.64953   0.27504            -0.870     3.830     3.710         1
12  0.039100   2.64953   0.27504             1.060     2.230     3.750         1
13  0.039100   2.64953   0.27504            -0.060     0.870     3.580         1
14  0.045300   2.64953   0.27504            -0.870     1.820     1.390         1
15  0.045300   2.64953   0.27504             0.280     3.140     1.540         1
16  0.116600   2.59964   0.26278             2.220     1.480     1.490         1
17  0.110200   2.59964   0.26278             1.820    -0.260    -0.130         1
18  0.110200   2.59964   0.26278            -0.020     0.040    -0.050         1
