mobley_2792521	-13.076001	-15.40816	#systeme  DGsolv_calc  DGsolv_expt (kJ/mol)
17
#    charge    sigma(Ang)  epsilon(kJ/mol)  x         y         z        Zatomic
1 -0.093200   3.39967   1.91652             0.160     1.150     2.530         6
2 -0.076900   3.39967   1.91652            -0.160     0.110     1.460         6
3 -0.065000   3.39967   1.91652            -0.090     0.710     0.060         6
4 -0.089500   3.39967   1.50658            -0.410    -0.310    -0.990         6
5 -0.273700   3.39967   1.50658             0.450    -0.670    -1.960         6
6  0.556501   3.39967   1.50658             0.030    -1.680    -2.950         6
7 -0.527101   2.95992   3.67887             0.780    -2.040    -3.850         8
8  0.036500   2.64953   0.27504             0.110     0.710     3.530         1
9  0.036500   2.64953   0.27504             1.160     1.560     2.380         1
10  0.036500   2.64953   0.27504            -0.560     1.980     2.480         1
11  0.043000   2.64953   0.27504            -1.170    -0.290     1.650         1
12  0.043000   2.64953   0.27504             0.540    -0.720     1.550         1
13  0.055600   2.64953   0.27504             0.900     1.150    -0.110         1
14  0.055600   2.64953   0.27504            -0.810     1.540    -0.030         1
15  0.121900   2.59964   0.26278            -1.400    -0.770    -0.940         1
16  0.150100   2.59964   0.26278             1.440    -0.230    -2.050         1
17 -0.009800   2.51055   0.26278            -0.980    -2.100    -2.830         1
