mobley_6334915	-56.206288	-53.34238	#systeme  DGsolv_calc  DGsolv_expt (kJ/mol)
20
#    charge    sigma(Ang)  epsilon(kJ/mol)  x         y         z        Zatomic
1  0.156600   3.39967   1.91652             1.170    -0.490     1.950         6
2 -0.582801   3.00001   2.97813             1.380    -0.500     0.550         8
3  1.517202   3.74177   3.50368             0.400     0.290    -0.460        15
4 -0.792601   2.95992   3.67887             1.020     0.570    -1.800         8
5 -0.133400   3.39967   1.91652            -1.130    -0.650    -0.530         6
6  0.139700   2.47135   0.27504            -1.540    -0.690     0.490         1
7  0.250800   3.39967   1.91652            -1.100    -2.060    -1.140         6
8 -0.096200   3.47094   4.64238             0.030    -3.130    -0.250        18
9 -0.096200   3.47094   4.64238            -2.740    -2.790    -1.050        18
10 -0.096200   3.47094   4.64238            -0.600    -2.030    -2.860        18
11 -0.561301   3.06647   3.68587            -2.010     0.180    -1.280         8
12 -0.582801   3.00001   2.97813            -0.010     1.630     0.350         8
13  0.156600   3.39967   1.91652             0.900     2.710     0.390         6
14  0.048200   2.47135   0.27504             1.940    -1.080     2.450         1
15  0.048200   2.47135   0.27504             0.180    -0.900     2.170         1
16  0.048200   2.47135   0.27504             1.210     0.550     2.310         1
17  0.431400   0.00000   0.00000            -1.600     0.320    -2.160         1
18  0.048200   2.47135   0.27504             0.480     3.530     0.970         1
19  0.048200   2.47135   0.27504             1.110     3.050    -0.630         1
20  0.048200   2.47135   0.27504             1.830     2.380     0.850         1
