mobley_4043951	10.601484	7.03416	#systeme  DGsolv_calc  DGsolv_expt (kJ/mol)
15
#    charge    sigma(Ang)  epsilon(kJ/mol)  x         y         z        Zatomic
1 -0.093000   3.39967   1.91652             4.220    -3.990    -0.010         6
2 -0.076600   3.39967   1.91652             3.290    -2.920    -0.540         6
3 -0.054000   3.39967   1.91652             1.990    -2.850     0.270         6
4 -0.162400   3.39967   1.50658             1.070    -1.790    -0.270         6
5 -0.223900   3.39967   1.50658             0.640    -0.750     0.450         6
6  0.033300   2.64953   0.27504             5.150    -4.030    -0.590         1
7  0.033300   2.64953   0.27504             3.750    -4.970    -0.060         1
8  0.033300   2.64953   0.27504             4.490    -3.800     1.040         1
9  0.040600   2.64953   0.27504             3.800    -1.950    -0.510         1
10  0.040600   2.64953   0.27504             3.070    -3.130    -1.600         1
11  0.045000   2.64953   0.27504             2.230    -2.670     1.320         1
12  0.045000   2.64953   0.27504             1.480    -3.820     0.220         1
13  0.117600   2.59964   0.26278             0.730    -1.890    -1.290         1
14  0.110600   2.59964   0.26278            -0.020    -0.000     0.030         1
15  0.110600   2.59964   0.26278             0.960    -0.620     1.480         1
