mobley_1520842	-13.997141	-20.64191	#systeme  DGsolv_calc  DGsolv_expt (kJ/mol)
14
#    charge    sigma(Ang)  epsilon(kJ/mol)  x         y         z        Zatomic
1 -0.061900   3.39967   1.91652             2.350     0.900     1.040         6
2 -0.038700   3.39967   1.50658             1.390    -0.070     1.650         6
3 -0.249200   3.39967   1.50658             0.230    -0.420     0.970         6
4  0.395600   3.39967   1.50658            -0.630    -1.320     1.580         6
5 -0.667601   3.25000   2.97813            -0.410    -1.880     2.790         7
6  0.395600   3.39967   1.50658             0.730    -1.520     3.420         6
7 -0.249200   3.39967   1.50658             1.650    -0.620     2.900         6
8  0.049800   2.64953   0.27504             3.090     0.360     0.440         1
9  0.049800   2.64953   0.27504             1.820     1.620     0.410         1
10  0.049800   2.64953   0.27504             2.870     1.470     1.820         1
11  0.142700   2.59964   0.26278            -0.010    -0.010    -0.000         1
12  0.020300   2.51055   0.26278            -1.550    -1.630     1.090         1
13  0.020300   2.51055   0.26278             0.890    -1.980     4.390         1
14  0.142700   2.59964   0.26278             2.550    -0.370     3.450         1
