mobley_8207196	-45.696918	-42.79114	#systeme  DGsolv_calc  DGsolv_expt (kJ/mol)
25
#    charge    sigma(Ang)  epsilon(kJ/mol)  x         y         z        Zatomic
1 -0.127100   3.39967   1.91652             3.340    -0.250     2.540         6
2  0.214100   3.39967   1.91652             3.500    -0.600     1.100         6
3 -0.835501   3.25000   2.97813             2.320    -1.240     0.590         7
4  0.926251   3.39967   1.50658             2.170    -1.680    -0.720         6
5 -0.835301   3.25000   2.97813             3.220    -1.480    -1.540         7
6  0.926251   3.39967   1.50658             3.020    -1.930    -2.790         6
7 -0.804601   3.25000   2.97813             1.900    -2.520    -3.250         7
8  0.802001   3.39967   1.50658             0.940    -2.650    -2.320         6
9 -0.804601   3.25000   2.97813             1.010    -2.250    -1.040         7
10 -0.114200   3.47094   4.64238            -0.510    -3.400    -2.820        18
11 -0.835501   3.25000   2.97813             4.070    -1.760    -3.710         7
12  0.214100   3.39967   1.91652             5.310    -1.140    -3.360         6
13 -0.127100   3.39967   1.91652             6.250    -1.090    -4.520         6
14  0.047200   2.64953   0.27504             4.240     0.240     2.920         1
15  0.047200   2.64953   0.27504             2.480     0.420     2.690         1
16  0.047200   2.64953   0.27504             3.170    -1.160     3.130         1
17  0.059100   2.47135   0.27504             4.330    -1.290     0.970         1
18  0.059100   2.47135   0.27504             3.680     0.300     0.500         1
19  0.440800   1.06908   0.27504             1.530    -1.380     1.220         1
20  0.440800   1.06908   0.27504             3.920    -2.090    -4.640         1
21  0.059100   2.47135   0.27504             5.100    -0.130    -3.000         1
22  0.059100   2.47135   0.27504             5.760    -1.710    -2.530         1
23  0.047200   2.64953   0.27504             7.190    -0.620    -4.240         1
24  0.047200   2.64953   0.27504             6.450    -2.100    -4.900         1
25  0.047200   2.64953   0.27504             5.800    -0.510    -5.330         1
