mobley_2523689	-67.155293	-68.79241	#systeme  DGsolv_calc  DGsolv_expt (kJ/mol)
23
#    charge    sigma(Ang)  epsilon(kJ/mol)  x         y         z        Zatomic
1 -0.131200   3.39967   1.50658             6.030     0.700    -6.740         6
2 -0.125400   3.39967   1.50658             6.310    -0.140    -5.660         6
3 -0.118700   3.39967   1.50658             5.390    -0.280    -4.620         6
4  0.056500   3.39967   1.50658             4.190     0.420    -4.660         6
5 -0.118700   3.39967   1.50658             3.900     1.260    -5.740         6
6 -0.125400   3.39967   1.50658             4.820     1.400    -6.770         6
7 -0.118500   3.25000   2.97813             3.230     0.280    -3.590         7
8  0.707801   3.39967   1.50658             1.840     0.370    -3.730         6
9 -0.593801   2.95992   3.67887             1.240     0.510    -4.800         8
10 -0.212200   3.39967   1.50658             1.040     0.270    -2.480         6
11  0.139000   3.39967   1.50658             1.600     0.040    -1.290         6
12  0.301600   3.39967   1.50658             3.060    -0.110    -1.340         6
13 -0.393500   3.25000   2.97813             3.820     0.000    -2.380         7
14 -0.848001   3.25000   2.97813             1.010    -0.090    -0.070         7
15 -0.062600   3.47094   4.64238            -0.670     0.460    -2.630        18
16  0.134300   2.59964   0.26278             6.750     0.810    -7.540         1
17  0.135600   2.59964   0.26278             7.250    -0.690    -5.630         1
18  0.155700   2.59964   0.26278             5.620    -0.940    -3.790         1
19  0.155700   2.59964   0.26278             2.970     1.810    -5.780         1
20  0.135600   2.59964   0.26278             4.600     2.060    -7.610         1
21  0.051200   2.51055   0.26278             3.550    -0.330    -0.380         1
22  0.437500   1.06908   0.27504             1.580    -0.270     0.730         1
23  0.437500   1.06908   0.27504             0.010    -0.000    -0.020         1
