mobley_2693089	-23.007565	-21.10248	#systeme  DGsolv_calc  DGsolv_expt (kJ/mol)
22
#    charge    sigma(Ang)  epsilon(kJ/mol)  x         y         z        Zatomic
1 -0.093500   3.39967   1.91652             0.190    -0.100     0.940         6
2 -0.064600   3.39967   1.91652            -0.640     0.650     1.980         6
3 -0.093500   3.39967   1.91652            -0.070     0.390     3.380         6
4 -0.125500   3.39967   1.91652            -0.690     2.160     1.700         6
5  0.304400   3.39967   1.50658            -1.290     2.520     0.360         6
6  0.279900   3.39967   1.50658            -2.640     2.740     0.240         6
7 -0.629201   3.25000   2.97813            -3.210     3.060    -0.940         7
8  0.273500   3.39967   1.50658            -2.370     3.150    -1.990         6
9  0.284900   3.39967   1.50658            -1.010     2.930    -1.870         6
10 -0.634601   3.25000   2.97813            -0.450     2.610    -0.690         7
11  0.036200   2.64953   0.27504            -0.200     0.060    -0.070         1
12  0.036200   2.64953   0.27504             0.200    -1.180     1.130         1
13  0.036200   2.64953   0.27504             1.230     0.240     0.960         1
14  0.060600   2.64953   0.27504            -1.660     0.240     1.960         1
15  0.036200   2.64953   0.27504            -0.660     0.920     4.140         1
16  0.036200   2.64953   0.27504            -0.080    -0.670     3.630         1
17  0.036200   2.64953   0.27504             0.960     0.750     3.450         1
18  0.060100   2.64953   0.27504             0.320     2.590     1.790         1
19  0.060100   2.64953   0.27504            -1.290     2.660     2.480         1
20  0.033800   2.51055   0.26278            -3.320     2.670     1.080         1
21  0.033600   2.51055   0.26278            -2.820     3.410    -2.940         1
22  0.032800   2.51055   0.26278            -0.340     3.000    -2.710         1
