mobley_4479135	-10.34189	-11.63986	#systeme  DGsolv_calc  DGsolv_expt (kJ/mol)
26
#    charge    sigma(Ang)  epsilon(kJ/mol)  x         y         z        Zatomic
1 -0.199600   3.39967   1.50658             2.030    -2.190    -2.220         6
2 -0.016600   3.39967   1.50658             1.930    -1.010    -1.570         6
3 -0.052900   3.39967   1.50658             1.900     0.210    -2.350         6
4 -0.116100   3.39967   1.50658             0.790     1.060    -2.270         6
5 -0.131900   3.39967   1.50658             0.760     2.230    -3.030         6
6 -0.127800   3.39967   1.50658             1.830     2.550    -3.870         6
7 -0.131900   3.39967   1.50658             2.930     1.700    -3.950         6
8 -0.116100   3.39967   1.50658             2.960     0.530    -3.190         6
9 -0.052900   3.39967   1.50658             1.860    -1.040    -0.080         6
10 -0.116100   3.39967   1.50658             2.840    -0.390     0.670         6
11 -0.131900   3.39967   1.50658             2.780    -0.410     2.060         6
12 -0.127800   3.39967   1.50658             1.740    -1.090     2.700         6
13 -0.131900   3.39967   1.50658             0.770    -1.740     1.950         6
14 -0.116100   3.39967   1.50658             0.830    -1.710     0.560         6
15  0.119300   2.59964   0.26278             2.060    -3.140    -1.690         1
16  0.119300   2.59964   0.26278             2.080    -2.250    -3.300         1
17  0.135900   2.59964   0.26278            -0.050     0.830    -1.620         1
18  0.131400   2.59964   0.26278            -0.100     2.900    -2.960         1
19  0.130900   2.59964   0.26278             1.800     3.460    -4.460         1
20  0.131400   2.59964   0.26278             3.760     1.950    -4.600         1
21  0.135900   2.59964   0.26278             3.830    -0.130    -3.270         1
22  0.135900   2.59964   0.26278             3.660     0.140     0.180         1
23  0.131400   2.59964   0.26278             3.550     0.090     2.650         1
24  0.130900   2.59964   0.26278             1.700    -1.110     3.790         1
25  0.131400   2.59964   0.26278            -0.040    -2.260     2.450         1
26  0.135900   2.59964   0.26278             0.060    -2.220    -0.010         1
