mobley_9617923	-10.773151	-9.79758	#systeme  DGsolv_calc  DGsolv_expt (kJ/mol)
31
#    charge    sigma(Ang)  epsilon(kJ/mol)  x         y         z        Zatomic
1 -0.091800   3.39967   1.91652            -4.030    -8.650     6.560         6
2 -0.079100   3.39967   1.91652            -3.800    -7.970     5.220         6
3 -0.078600   3.39967   1.91652            -2.850    -6.780     5.360         6
4 -0.077500   3.39967   1.91652            -2.630    -6.090     4.010         6
5 -0.076800   3.39967   1.91652            -1.680    -4.900     4.140         6
6 -0.076600   3.39967   1.91652            -1.450    -4.210     2.790         6
7 -0.074200   3.39967   1.91652            -0.510    -3.020     2.930         6
8 -0.178100   3.39967   1.91652            -0.280    -2.340     1.580         6
9  0.562701   3.39967   1.50658             0.660    -1.150     1.680         6
10 -0.533701   2.95992   3.67887             1.170    -0.790     2.740         8
11 -0.203600   3.39967   1.91652             0.940    -0.410     0.400         6
12  0.033100   2.64953   0.27504            -4.700    -9.510     6.450         1
13  0.033100   2.64953   0.27504            -4.470    -7.950     7.270         1
14  0.033100   2.64953   0.27504            -3.080    -9.010     6.980         1
15  0.037700   2.64953   0.27504            -4.760    -7.640     4.820         1
16  0.037700   2.64953   0.27504            -3.380    -8.700     4.510         1
17  0.039100   2.64953   0.27504            -1.890    -7.110     5.760         1
18  0.039100   2.64953   0.27504            -3.270    -6.050     6.070         1
19  0.037500   2.64953   0.27504            -2.210    -6.810     3.290         1
20  0.037500   2.64953   0.27504            -3.590    -5.750     3.600         1
21  0.041600   2.64953   0.27504            -0.720    -5.230     4.550         1
22  0.041600   2.64953   0.27504            -2.100    -4.180     4.850         1
23  0.036400   2.64953   0.27504            -2.410    -3.880     2.380         1
24  0.036400   2.64953   0.27504            -1.030    -4.930     2.080         1
25  0.053900   2.64953   0.27504            -0.920    -2.300     3.640         1
26  0.053900   2.64953   0.27504             0.460    -3.350     3.340         1
27  0.063000   2.64953   0.27504            -1.230    -1.980     1.180         1
28  0.063000   2.64953   0.27504             0.160    -3.050     0.870         1
29  0.063200   2.64953   0.27504             0.200     0.390     0.260         1
30  0.063200   2.64953   0.27504             1.950     0.010     0.430         1
31  0.063200   2.64953   0.27504             0.870    -1.100    -0.450         1
