mobley_1728386	-43.595044	-46.057	#systeme  DGsolv_calc  DGsolv_expt (kJ/mol)
16
#    charge    sigma(Ang)  epsilon(kJ/mol)  x         y         z        Zatomic
1 -0.103400   3.39967   1.50658             1.890    -1.040    -0.110         6
2 -0.143100   3.39967   1.50658             2.920    -1.630     0.610         6
3 -0.087300   3.39967   1.50658             2.880    -1.650     2.000         6
4 -0.139300   3.39967   1.50658             1.800    -1.080     2.680         6
5 -0.087300   3.39967   1.50658             0.760    -0.480     1.960         6
6 -0.143100   3.39967   1.50658             0.810    -0.460     0.560         6
7  0.672201   3.39967   1.50658             1.750    -1.100     4.130         6
8 -0.617101   2.95992   3.67887             0.800    -0.610     4.760         8
9 -0.674001   3.25000   2.97813             2.810    -1.710     4.800         7
10  0.139000   2.59964   0.26278             1.920    -1.020    -1.200         1
11  0.134600   2.59964   0.26278             3.760    -2.080     0.080         1
12  0.145000   2.59964   0.26278             3.690    -2.120     2.550         1
13  0.145000   2.59964   0.26278            -0.080    -0.030     2.470         1
14  0.134600   2.59964   0.26278             0.000     0.000    -0.000         1
15  0.312100   1.06908   0.27504             3.590    -2.140     4.320         1
16  0.312100   1.06908   0.27504             2.830    -1.770     5.810         1
