mobley_7988076	-42.07935	-36.97121	#systeme  DGsolv_calc  DGsolv_expt (kJ/mol)
15
#    charge    sigma(Ang)  epsilon(kJ/mol)  x         y         z        Zatomic
1 -0.040800   3.39967   1.50658             1.890    -1.040    -0.110         6
2 -0.202800   3.39967   1.50658             2.920    -1.630     0.610         6
3  0.156800   3.39967   1.50658             2.880    -1.650     2.000         6
4 -0.202800   3.39967   1.50658             1.800    -1.080     2.680         6
5 -0.040800   3.39967   1.50658             0.760    -0.480     1.960         6
6 -0.234800   3.39967   1.50658             0.810    -0.460     0.560         6
7  0.579901   3.39967   1.50658            -0.270     0.160    -0.190         6
8 -0.532601   2.95992   3.67887            -1.250     0.680     0.350         8
9 -0.490300   3.06647   3.68587             3.890    -2.230     2.710         8
10  0.147700   2.59964   0.26278             1.930    -1.020    -1.200         1
11  0.147100   2.59964   0.26278             3.760    -2.080     0.080         1
12  0.147100   2.59964   0.26278             1.760    -1.090     3.760         1
13  0.147700   2.59964   0.26278            -0.070    -0.040     2.490         1
14 -0.005300   2.51055   0.26278            -0.200     0.150    -1.300         1
15  0.423900   0.00000   0.00000             4.560    -2.580     2.100         1
