mobley_4762983	11.560307	6.95042	#systeme  DGsolv_calc  DGsolv_expt (kJ/mol)
21
#    charge    sigma(Ang)  epsilon(kJ/mol)  x         y         z        Zatomic
1 -0.092300   3.39967   1.91652            -5.950     0.450    -2.620         6
2 -0.080300   3.39967   1.91652            -5.750    -0.470    -1.420         6
3 -0.079000   3.39967   1.91652            -4.530    -0.040    -0.600         6
4 -0.075400   3.39967   1.91652            -4.330    -0.960     0.610         6
5 -0.053300   3.39967   1.91652            -3.120    -0.580     1.460         6
6 -0.162500   3.39967   1.50658            -2.920    -1.480     2.640         6
7 -0.223800   3.39967   1.50658            -1.820    -2.210     2.850         6
8  0.032800   2.64953   0.27504            -6.830     0.140    -3.200         1
9  0.032800   2.64953   0.27504            -5.080     0.430    -3.280         1
10  0.032800   2.64953   0.27504            -6.120     1.480    -2.290         1
11  0.038300   2.64953   0.27504            -5.620    -1.500    -1.770         1
12  0.038300   2.64953   0.27504            -6.650    -0.440    -0.800         1
13  0.039500   2.64953   0.27504            -3.640    -0.060    -1.240         1
14  0.039500   2.64953   0.27504            -4.660     0.990    -0.250         1
15  0.041500   2.64953   0.27504            -5.220    -0.930     1.240         1
16  0.041500   2.64953   0.27504            -4.230    -2.000     0.260         1
17  0.045600   2.64953   0.27504            -3.270     0.440     1.840         1
18  0.045600   2.64953   0.27504            -2.220    -0.550     0.830         1
19  0.117400   2.59964   0.26278            -3.720    -1.530     3.370         1
20  0.110500   2.59964   0.26278            -1.720    -2.850     3.720         1
21  0.110500   2.59964   0.26278            -0.990    -2.170     2.150         1
