mobley_6358463	-6.033467	4.48009	#systeme  DGsolv_calc  DGsolv_expt (kJ/mol)
18
#    charge    sigma(Ang)  epsilon(kJ/mol)  x         y         z        Zatomic
1 -0.105100   3.39967   1.50658             1.890    -1.040    -0.110         6
2 -0.105000   3.39967   1.50658             2.920    -1.630     0.610         6
3 -0.093400   3.39967   1.50658             2.880    -1.650     2.000         6
4 -0.117500   3.39967   1.50658             1.800    -1.080     2.680         6
5 -0.117500   3.39967   1.50658             0.760    -0.480     1.960         6
6 -0.093400   3.39967   1.50658             0.810    -0.460     0.560         6
7  0.686051   3.39967   1.91652            -0.400     0.140     2.650         6
8 -0.227200   3.11815   1.06862            -0.330     0.050     4.010        10
9 -0.227200   3.11815   1.06862            -0.550     1.470     2.380        10
10 -0.227200   3.11815   1.06862            -1.590    -0.450     2.310        10
11  0.686051   3.39967   1.91652             1.780    -1.110     4.170         6
12 -0.227200   3.11815   1.06862             2.860    -1.730     4.720        10
13 -0.227200   3.11815   1.06862             1.740     0.130     4.740        10
14 -0.227200   3.11815   1.06862             0.690    -1.780     4.660        10
15  0.150400   2.59964   0.26278             1.920    -1.020    -1.200         1
16  0.150400   2.59964   0.26278             3.760    -2.080     0.080         1
17  0.161100   2.59964   0.26278             3.690    -2.120     2.550         1
18  0.161100   2.59964   0.26278             0.000    -0.000    -0.010         1
