mobley_3746675	-2.725737	-5.19188	#systeme  DGsolv_calc  DGsolv_expt (kJ/mol)
19
#    charge    sigma(Ang)  epsilon(kJ/mol)  x         y         z        Zatomic
1 -0.057600   3.39967   1.91652             1.930     0.260    -2.370         6
2 -0.065300   3.39967   1.50658             1.930    -1.010    -1.570         6
3 -0.218700   3.39967   1.50658             1.980    -2.200    -2.210         6
4 -0.052500   3.39967   1.50658             1.890    -1.040    -0.110         6
5 -0.118200   3.39967   1.50658             2.920    -1.630     0.610         6
6 -0.131200   3.39967   1.50658             2.880    -1.650     2.000         6
7 -0.129600   3.39967   1.50658             1.800    -1.080     2.680         6
8 -0.131200   3.39967   1.50658             0.760    -0.480     1.960         6
9 -0.118200   3.39967   1.50658             0.810    -0.460     0.560         6
10  0.044100   2.64953   0.27504             0.900     0.560    -2.610         1
11  0.044100   2.64953   0.27504             2.400     1.070    -1.810         1
12  0.044100   2.64953   0.27504             2.470     0.160    -3.320         1
13  0.114800   2.59964   0.26278             2.000    -3.150    -1.680         1
14  0.114800   2.59964   0.26278             2.020    -2.250    -3.290         1
15  0.134100   2.59964   0.26278             3.770    -2.080     0.100         1
16  0.131000   2.59964   0.26278             3.690    -2.120     2.560         1
17  0.130400   2.59964   0.26278             1.770    -1.100     3.760         1
18  0.131000   2.59964   0.26278            -0.080    -0.040     2.480         1
19  0.134100   2.59964   0.26278            -0.010     0.000     0.010         1
