mobley_5538249	-4.819237	-9.04392	#systeme  DGsolv_calc  DGsolv_expt (kJ/mol)
22
#    charge    sigma(Ang)  epsilon(kJ/mol)  x         y         z        Zatomic
1 -0.119500   3.39967   1.50658             1.890    -1.040    -0.110         6
2 -0.131900   3.39967   1.50658             2.920    -1.630     0.610         6
3 -0.099500   3.39967   1.50658             2.880    -1.650     2.000         6
4 -0.055300   3.39967   1.50658             1.800    -1.080     2.680         6
5 -0.099500   3.39967   1.50658             0.760    -0.480     1.960         6
6 -0.131900   3.39967   1.50658             0.810    -0.460     0.560         6
7 -0.026000   3.39967   1.50658             1.750    -1.100     4.120         6
8  0.041100   3.39967   1.50658             1.150    -2.170     4.780         6
9 -0.126000   3.39967   1.50658             1.110    -2.190     6.180         6
10  0.031000   3.39967   1.50658             1.670    -1.140     6.910         6
11 -0.126000   3.39967   1.50658             2.270    -0.070     6.250         6
12  0.041100   3.39967   1.50658             2.320    -0.050     4.850         6
13 -0.065800   3.47094   4.64238             3.080     1.300     4.090        18
14 -0.076700   3.47094   4.64238             1.620    -1.170     8.630        18
15 -0.065800   3.47094   4.64238             0.440    -3.500     3.940        18
16  0.131900   2.59964   0.26278             1.920    -1.020    -1.200         1
17  0.134500   2.59964   0.26278             3.760    -2.080     0.080         1
18  0.139100   2.59964   0.26278             3.690    -2.120     2.550         1
19  0.139100   2.59964   0.26278            -0.080    -0.030     2.470         1
20  0.134500   2.59964   0.26278            -0.000    -0.000     0.000         1
21  0.165800   2.59964   0.26278             0.640    -3.020     6.700         1
22  0.165800   2.59964   0.26278             2.710     0.740     6.820         1
