mobley_8789864	-24.531633	-26.7968	#systeme  DGsolv_calc  DGsolv_expt (kJ/mol)
21
#    charge    sigma(Ang)  epsilon(kJ/mol)  x         y         z        Zatomic
1  0.130600   3.39967   1.91652            -0.570     0.950     2.020         6
2 -0.443200   3.00001   2.97813            -0.930     0.560     0.700         8
3  0.531701   3.39967   1.91652             0.120    -0.030    -0.090         6
4 -0.036200   3.39967   1.91652             0.660    -1.320     0.570         6
5  0.225600   3.39967   3.67887             1.740    -1.950    -0.210         6
6 -0.358200   3.25000   2.97813             2.580    -2.450    -0.820         7
7 -0.443200   3.00001   2.97813            -0.380    -0.340    -1.420         8
8  0.130600   3.39967   1.91652            -1.690    -0.870    -1.470         6
9 -0.443200   3.00001   2.97813             1.260     0.870    -0.210         8
10  0.130600   3.39967   1.91652             0.950     2.110    -0.810         6
11  0.043700   2.47135   0.27504            -1.440     1.380     2.530         1
12  0.043700   2.47135   0.27504             0.240     1.680     1.980         1
13  0.043700   2.47135   0.27504            -0.240     0.070     2.570         1
14  0.090800   2.64953   0.27504             1.060    -1.080     1.570         1
15  0.090800   2.64953   0.27504            -0.150    -2.030     0.730         1
16  0.043700   2.47135   0.27504            -1.960    -1.070    -2.500         1
17  0.043700   2.47135   0.27504            -2.390    -0.150    -1.020         1
18  0.043700   2.47135   0.27504            -1.720    -1.800    -0.900         1
19  0.043700   2.47135   0.27504             1.850     2.720    -0.860         1
20  0.043700   2.47135   0.27504             0.180     2.620    -0.230         1
21  0.043700   2.47135   0.27504             0.580     1.930    -1.820         1
