mobley_8057732	-21.010366	-27.71794	#systeme  DGsolv_calc  DGsolv_expt (kJ/mol)
13
#    charge    sigma(Ang)  epsilon(kJ/mol)  x         y         z        Zatomic
1 -0.082200   3.39967   1.50658             1.890    -1.040    -0.110         6
2 -0.215300   3.39967   1.50658             2.920    -1.630     0.610         6
3  0.134000   3.39967   1.50658             2.880    -1.650     2.000         6
4 -0.153700   3.39967   1.50658             1.800    -1.080     2.680         6
5  0.049500   3.39967   1.50658             0.760    -0.480     1.960         6
6 -0.160600   3.39967   1.50658             0.810    -0.460     0.560         6
7 -0.089500   3.47094   4.64238            -0.570     0.220     2.790        18
8 -0.493500   3.06647   3.68587             3.890    -2.230     2.710         8
9  0.140200   2.59964   0.26278             1.920    -1.020    -1.200         1
10  0.135200   2.59964   0.26278             3.760    -2.080     0.080         1
11  0.165300   2.59964   0.26278             1.770    -1.100     3.760         1
12  0.148900   2.59964   0.26278             0.010    -0.000    -0.010         1
13  0.421700   0.00000   0.00000             4.560    -2.580     2.100         1
