mobley_3982371	-16.03621	-13.10531	#systeme  DGsolv_calc  DGsolv_expt (kJ/mol)
11
#    charge    sigma(Ang)  epsilon(kJ/mol)  x         y         z        Zatomic
1 -0.150200   3.39967   1.91652            -0.940    -0.560     0.090         6
2  0.630601   3.39967   1.50658            -1.640    -0.580    -1.240         6
3 -0.538001   2.95992   3.67887            -1.900    -1.610    -1.850         8
4 -0.446000   3.00001   2.97813            -1.920     0.690    -1.630         8
5  0.125600   3.39967   1.91652            -2.590     0.810    -2.890         6
6  0.076100   2.64953   0.27504             0.140    -0.500    -0.070         1
7  0.076100   2.64953   0.27504            -1.200    -1.450     0.660         1
8  0.076100   2.64953   0.27504            -1.260     0.330     0.650         1
9  0.049900   2.47135   0.27504            -2.760     1.860    -3.100         1
10  0.049900   2.47135   0.27504            -3.530     0.270    -2.830         1
11  0.049900   2.47135   0.27504            -1.960     0.380    -3.660         1
