mobley_5072416	-28.350177	-25.62444	#systeme  DGsolv_calc  DGsolv_expt (kJ/mol)
18
#    charge    sigma(Ang)  epsilon(kJ/mol)  x         y         z        Zatomic
1  0.116000   3.39967   1.91652             1.360    -2.130    -2.150         6
2 -0.352700   3.00001   2.97813             1.950    -1.030    -1.470         8
3  0.026100   3.39967   1.50658             1.890    -1.040    -0.110         6
4 -0.102700   3.39967   1.50658             2.920    -1.630     0.610         6
5 -0.164300   3.39967   1.50658             2.880    -1.650     2.000         6
6 -0.098300   3.39967   1.50658             1.800    -1.080     2.680         6
7 -0.186200   3.39967   1.50658             0.760    -0.480     1.960         6
8  0.129000   3.39967   1.50658             0.810    -0.460     0.560         6
9 -0.812901   3.25000   2.97813            -0.250     0.140    -0.160         7
10  0.040000   2.47135   0.27504             1.480    -2.010    -3.230         1
11  0.040000   2.47135   0.27504             0.300    -2.200    -1.890         1
12  0.040000   2.47135   0.27504             1.870    -3.050    -1.840         1
13  0.141800   2.59964   0.26278             3.760    -2.080     0.090         1
14  0.133900   2.59964   0.26278             3.690    -2.110     2.560         1
15  0.130600   2.59964   0.26278             1.770    -1.100     3.760         1
16  0.132500   2.59964   0.26278            -0.070    -0.040     2.490         1
17  0.393600   1.06908   0.27504            -0.190     0.200    -1.150         1
18  0.393600   1.06908   0.27504            -0.990     0.590     0.350         1
