mobley_3969312	-21.177846	-16.83174	#systeme  DGsolv_calc  DGsolv_expt (kJ/mol)
14
#    charge    sigma(Ang)  epsilon(kJ/mol)  x         y         z        Zatomic
1 -0.098600   3.39967   1.50658             1.890    -1.040    -0.110         6
2 -0.145300   3.39967   1.50658             2.920    -1.630     0.610         6
3 -0.078200   3.39967   1.50658             2.880    -1.650     2.000         6
4 -0.198000   3.39967   1.50658             1.800    -1.080     2.680         6
5 -0.078200   3.39967   1.50658             0.760    -0.480     1.960         6
6 -0.145300   3.39967   1.50658             0.810    -0.460     0.560         6
7  0.575901   3.39967   1.50658             1.750    -1.100     4.130         6
8 -0.528201   2.95992   3.67887             2.640    -1.610     4.820         8
9  0.135200   2.59964   0.26278             1.920    -1.020    -1.200         1
10  0.137400   2.59964   0.26278             3.760    -2.080     0.080         1
11  0.144400   2.59964   0.26278             3.690    -2.120     2.550         1
12  0.144400   2.59964   0.26278            -0.080    -0.030     2.470         1
13  0.137400   2.59964   0.26278             0.000     0.000    -0.000         1
14 -0.002900   2.51055   0.26278             0.880    -0.630     4.620         1
