mobley_8754702	-15.487713	-10.38376	#systeme  DGsolv_calc  DGsolv_expt (kJ/mol)
14
#    charge    sigma(Ang)  epsilon(kJ/mol)  x         y         z        Zatomic
1 -0.094100   3.39967   1.91652            -0.000    -0.660     0.870         6
2 -0.085400   3.39967   1.91652             1.240    -0.440     1.710         6
3  0.135700   3.39967   1.91652             1.280    -1.350     2.930         6
4 -0.452000   3.00001   2.97813             2.460    -1.090     3.660         8
5  0.629601   3.39967   1.50658             2.630    -1.830     4.790         6
6 -0.540601   2.95992   3.67887             1.880    -2.690     5.240         8
7  0.038100   2.64953   0.27504            -0.010    -0.010    -0.000         1
8  0.038100   2.64953   0.27504            -0.040    -1.700     0.520         1
9  0.038100   2.64953   0.27504            -0.910    -0.470     1.460         1
10  0.054200   2.64953   0.27504             1.300     0.600     2.020         1
11  0.054200   2.64953   0.27504             2.140    -0.620     1.100         1
12  0.052000   2.47135   0.27504             0.420    -1.160     3.580         1
13  0.052000   2.47135   0.27504             1.270    -2.400     2.630         1
14  0.080100   2.42146   0.26278             3.580    -1.540     5.270         1
