mobley_4039055	-72.426726	-76.07779	#systeme  DGsolv_calc  DGsolv_expt (kJ/mol)
12
#    charge    sigma(Ang)  epsilon(kJ/mol)  x         y         z        Zatomic
1  0.080800   3.39967   1.50658             0.750     1.300    -0.110         6
2 -0.246300   3.39967   1.50658            -0.230     0.970     0.740         6
3  0.726501   3.39967   1.50658            -0.820    -0.400     0.650         6
4 -0.581401   2.95992   3.67887            -1.710    -0.780     1.400         8
5 -0.583301   3.25000   2.97813            -0.270    -1.210    -0.340         7
6  0.802101   3.39967   1.50658             0.750    -0.850    -1.230         6
7 -0.626601   2.95992   3.67887             1.180    -1.620    -2.090         8
8 -0.463700   3.25000   2.97813             1.220     0.440    -1.060         7
9 -0.001600   3.59923   7.35773            -0.870     2.140     2.040        40
10  0.173900   2.51055   0.26278             1.220     2.280    -0.100         1
11  0.359200   1.06908   0.27504            -0.650    -2.140    -0.430         1
12  0.360400   1.06908   0.27504             1.970     0.770    -1.680         1
