mobley_7039935	-29.882619	-32.11429	#systeme  DGsolv_calc  DGsolv_expt (kJ/mol)
19
#    charge    sigma(Ang)  epsilon(kJ/mol)  x         y         z        Zatomic
1 -0.114500   3.39967   1.50658            -0.500    -2.030     0.490         6
2 -0.142000   3.39967   1.50658             0.350    -1.030     0.040         6
3 -0.091300   3.39967   1.50658             1.650    -1.340    -0.370         6
4 -0.054100   3.39967   1.50658             2.120    -2.660    -0.320         6
5 -0.009800   3.39967   1.50658             1.260    -3.680     0.140         6
6 -0.130300   3.39967   1.50658            -0.050    -3.350     0.550         6
7 -0.153300   3.39967   1.50658             1.720    -5.010     0.180         6
8 -0.088700   3.39967   1.50658             3.020    -5.320    -0.220         6
9 -0.230300   3.39967   1.50658             3.870    -4.310    -0.680         6
10  0.143300   3.39967   1.50658             3.420    -2.990    -0.730         6
11 -0.498800   3.06647   3.68587             4.290    -2.040    -1.180         8
12  0.132400   2.59964   0.26278            -1.510    -1.790     0.810         1
13  0.133500   2.59964   0.26278            -0.000    -0.000     0.000         1
14  0.148600   2.59964   0.26278             2.280    -0.530    -0.720         1
15  0.133100   2.59964   0.26278            -0.730    -4.130     0.900         1
16  0.134600   2.59964   0.26278             1.080    -5.810     0.540         1
17  0.132500   2.59964   0.26278             3.370    -6.340    -0.180         1
18  0.133700   2.59964   0.26278             4.880    -4.560    -0.990         1
19  0.421400   0.00000   0.00000             5.130    -2.440    -1.410         1
