mobley_3259411	-42.45618	-56.23141	#systeme  DGsolv_calc  DGsolv_expt (kJ/mol)
14
#    charge    sigma(Ang)  epsilon(kJ/mol)  x         y         z        Zatomic
1  0.113400   3.39967   1.91652             0.990     0.260    -2.540         6
2  0.139800   3.39967   1.91652             1.140     1.230    -1.370         6
3  0.113400   3.39967   1.91652             0.950     0.540    -0.030         6
4 -0.596251   3.06647   3.68587             1.110     1.500     1.010         8
5 -0.590401   3.06647   3.68587             2.470     1.770    -1.410         8
6 -0.596251   3.06647   3.68587             1.170     0.940    -3.770         8
7  0.032100   2.47135   0.27504            -0.010    -0.200    -2.550         1
8  0.032100   2.47135   0.27504             1.740    -0.540    -2.490         1
9  0.063200   2.47135   0.27504             0.460     2.080    -1.470         1
10  0.032100   2.47135   0.27504             1.700    -0.250     0.120         1
11  0.032100   2.47135   0.27504            -0.050     0.110     0.050         1
12  0.404800   0.00000   0.00000             0.980     1.020     1.840         1
13  0.415100   0.00000   0.00000             2.560     2.220    -2.260         1
14  0.404800   0.00000   0.00000             1.060     0.280    -4.470         1
