mobley_2008055	10.320955	7.66221	#systeme  DGsolv_calc  DGsolv_expt (kJ/mol)
8
#    charge    sigma(Ang)  epsilon(kJ/mol)  x         y         z        Zatomic
1 -0.093900   3.39967   1.91652             0.820    -0.540     0.490         6
2 -0.093900   3.39967   1.91652             2.150    -0.050    -0.010         6
3  0.031300   2.64953   0.27504             0.000     0.000     0.000         1
4  0.031300   2.64953   0.27504             0.690    -1.610     0.290         1
5  0.031300   2.64953   0.27504             0.730    -0.380     1.570         1
6  0.031300   2.64953   0.27504             2.970    -0.590     0.480         1
7  0.031300   2.64953   0.27504             2.280     1.020     0.190         1
8  0.031300   2.64953   0.27504             2.240    -0.210    -1.090         1
