mobley_3264884	-33.508561	-31.27689	#systeme  DGsolv_calc  DGsolv_expt (kJ/mol)
20
#    charge    sigma(Ang)  epsilon(kJ/mol)  x         y         z        Zatomic
1 -0.143100   3.39967   1.50658            -0.500    -2.030     0.490         6
2 -0.117700   3.39967   1.50658             0.350    -1.030     0.040         6
3 -0.130600   3.39967   1.50658             1.650    -1.340    -0.370         6
4  0.003400   3.39967   1.50658             2.120    -2.660    -0.320         6
5 -0.199900   3.39967   1.50658             3.420    -2.990    -0.730         6
6  0.139200   3.39967   1.50658             3.870    -4.310    -0.680         6
7 -0.166700   3.39967   1.50658             3.020    -5.320    -0.220         6
8 -0.085700   3.39967   1.50658             1.720    -5.010     0.180         6
9 -0.070400   3.39967   1.50658             1.260    -3.680     0.140         6
10 -0.104600   3.39967   1.50658            -0.050    -3.350     0.550         6
11 -0.817101   3.25000   2.97813             5.180    -4.620    -1.080         7
12  0.129800   2.59964   0.26278            -1.510    -1.790     0.810         1
13  0.130700   2.59964   0.26278            -0.000     0.000     0.000         1
14  0.130600   2.59964   0.26278             2.290    -0.530    -0.720         1
15  0.132300   2.59964   0.26278             4.090    -2.210    -1.080         1
16  0.132300   2.59964   0.26278             3.360    -6.350    -0.180         1
17  0.131800   2.59964   0.26278             1.080    -5.810     0.540         1
18  0.129500   2.59964   0.26278            -0.730    -4.130     0.900         1
19  0.388100   1.06908   0.27504             5.770    -3.900    -1.450         1
20  0.388100   1.06908   0.27504             5.480    -5.580    -1.090         1
