mobley_2925352	-23.359273	-25.66631	#systeme  DGsolv_calc  DGsolv_expt (kJ/mol)
16
#    charge    sigma(Ang)  epsilon(kJ/mol)  x         y         z        Zatomic
1 -0.048300   3.39967   1.91652             1.930    -1.010    -1.600         6
2 -0.112500   3.39967   1.50658             1.890    -1.040    -0.110         6
3 -0.094900   3.39967   1.50658             2.920    -1.630     0.610         6
4 -0.181400   3.39967   1.50658             2.880    -1.650     2.000         6
5  0.118300   3.39967   1.50658             1.800    -1.080     2.680         6
6 -0.181400   3.39967   1.50658             0.760    -0.480     1.960         6
7 -0.094900   3.39967   1.50658             0.810    -0.460     0.560         6
8 -0.498500   3.06647   3.68587             1.760    -1.100     4.040         8
9  0.042500   2.64953   0.27504             2.440    -0.110    -1.950         1
10  0.042500   2.64953   0.27504             2.460    -1.890    -1.990         1
11  0.042500   2.64953   0.27504             0.920    -1.040    -2.020         1
12  0.133200   2.59964   0.26278             3.770    -2.080     0.090         1
13  0.140900   2.59964   0.26278             3.690    -2.120     2.560         1
14  0.140900   2.59964   0.26278            -0.080    -0.040     2.470         1
15  0.133200   2.59964   0.26278            -0.010     0.000     0.010         1
16  0.417900   0.00000   0.00000             0.950    -0.670     4.350         1
