mobley_1139153	10.643354	12.10043	#systeme  DGsolv_calc  DGsolv_expt (kJ/mol)
26
#    charge    sigma(Ang)  epsilon(kJ/mol)  x         y         z        Zatomic
1 -0.094850   3.39967   1.91652             1.240     1.740    -0.080         6
2 -0.057700   3.39967   1.91652             0.300     1.070     0.930         6
3 -0.094850   3.39967   1.91652             1.140     0.280     1.930         6
4 -0.065300   3.39967   1.91652            -0.720     0.170     0.190         6
5 -0.048500   3.39967   1.91652            -0.140    -1.000    -0.660         6
6 -0.088300   3.39967   1.91652             1.190    -1.490    -0.070         6
7 -0.088300   3.39967   1.91652            -1.150    -2.160    -0.620         6
8 -0.088300   3.39967   1.91652             0.080    -0.590    -2.130         6
9  0.033700   2.64953   0.27504             0.670     2.320    -0.820         1
10  0.033700   2.64953   0.27504             1.940     2.420     0.410         1
11  0.033700   2.64953   0.27504             1.820     0.990    -0.630         1
12  0.050700   2.64953   0.27504            -0.220     1.870     1.470         1
13  0.033700   2.64953   0.27504             0.510    -0.210     2.680         1
14  0.033700   2.64953   0.27504             1.720    -0.490     1.420         1
15  0.033700   2.64953   0.27504             1.850     0.920     2.470         1
16  0.035400   2.64953   0.27504            -1.400    -0.280     0.930         1
17  0.035400   2.64953   0.27504            -1.360     0.800    -0.450         1
18  0.033600   2.64953   0.27504             1.620    -2.320    -0.650         1
19  0.033600   2.64953   0.27504             1.050    -1.860     0.960         1
20  0.033600   2.64953   0.27504             1.930    -0.690    -0.030         1
21  0.033600   2.64953   0.27504            -0.790    -3.010    -1.210         1
22  0.033600   2.64953   0.27504            -2.120    -1.860    -1.030         1
23  0.033600   2.64953   0.27504            -1.320    -2.510     0.400         1
24  0.033600   2.64953   0.27504             0.490    -1.430    -2.700         1
25  0.033600   2.64953   0.27504             0.800     0.230    -2.220         1
26  0.033600   2.64953   0.27504            -0.860    -0.300    -2.600         1
