mobley_6794076	-31.678842	-31.90494	#systeme  DGsolv_calc  DGsolv_expt (kJ/mol)
16
#    charge    sigma(Ang)  epsilon(kJ/mol)  x         y         z        Zatomic
1 -0.198200   3.39967   1.91652             3.770     0.720     1.410         6
2  0.573401   3.39967   1.50658             2.320     0.880     1.060         6
3 -0.520101   2.95992   3.67887             2.010     1.780     0.300         8
4 -0.135100   3.39967   1.50658             1.390    -0.070     1.650         6
5 -0.205700   3.39967   1.50658             0.230    -0.420     0.970         6
6  0.386300   3.39967   1.50658            -0.630    -1.320     1.580         6
7 -0.648101   3.25000   2.97813            -0.410    -1.880     2.790         7
8  0.386300   3.39967   1.50658             0.730    -1.520     3.420         6
9 -0.205700   3.39967   1.50658             1.650    -0.620     2.900         6
10  0.067900   2.64953   0.27504             4.080     1.280     2.310         1
11  0.067900   2.64953   0.27504             4.450     1.000     0.590         1
12  0.067900   2.64953   0.27504             4.040    -0.330     1.660         1
13  0.154300   2.59964   0.26278            -0.010    -0.010    -0.000         1
14  0.027300   2.51055   0.26278            -1.550    -1.630     1.090         1
15  0.027300   2.51055   0.26278             0.890    -1.980     4.390         1
16  0.154300   2.59964   0.26278             2.550    -0.370     3.460         1
