mobley_1244778	-18.192515	-22.94476	#systeme  DGsolv_calc  DGsolv_expt (kJ/mol)
22
#    charge    sigma(Ang)  epsilon(kJ/mol)  x         y         z        Zatomic
1 -0.074000   3.39967   1.91652             0.830    -0.230     0.690         6
2 -0.074000   3.39967   1.91652             0.770    -1.720     0.990         6
3 -0.069200   3.39967   1.91652             1.480    -2.210     2.250         6
4 -0.091000   3.39967   1.91652             2.810    -1.530     2.550         6
5  0.145300   3.39967   1.91652             2.660    -0.240     3.350         6
6 -0.091000   3.39967   1.91652             2.070     0.940     2.570         6
7 -0.069200   3.39967   1.91652             0.720     0.680     1.910         6
8 -0.605501   3.06647   3.68587             3.960     0.140     3.800         8
9  0.037400   2.64953   0.27504            -0.000     0.000     0.000         1
10  0.037400   2.64953   0.27504             1.740     0.000     0.130         1
11  0.037400   2.64953   0.27504            -0.280    -2.040     1.040         1
12  0.037400   2.64953   0.27504             1.190    -2.260     0.120         1
13  0.039400   2.64953   0.27504             0.800    -2.100     3.110         1
14  0.039400   2.64953   0.27504             1.650    -3.290     2.140         1
15  0.049000   2.64953   0.27504             3.420    -2.220     3.150         1
16  0.049000   2.64953   0.27504             3.390    -1.360     1.640         1
17  0.028600   2.47135   0.27504             2.050    -0.430     4.240         1
18  0.049000   2.64953   0.27504             1.960     1.790     3.260         1
19  0.049000   2.64953   0.27504             2.790     1.280     1.820         1
20  0.039400   2.64953   0.27504            -0.010     0.290     2.630         1
21  0.039400   2.64953   0.27504             0.330     1.650     1.570         1
22  0.396800   0.00000   0.00000             3.840     0.960     4.300         1
