mobley_7983227	-12.540065	-18.50654	#systeme  DGsolv_calc  DGsolv_expt (kJ/mol)
18
#    charge    sigma(Ang)  epsilon(kJ/mol)  x         y         z        Zatomic
1 -0.091400   3.39967   1.91652             1.950    -0.430    -1.850         6
2 -0.075700   3.39967   1.91652             2.130     0.080    -0.430         6
3 -0.060400   3.39967   1.91652             2.250     1.610    -0.330         6
4  0.043900   2.64953   0.27504             1.330     2.060    -0.730         1
5 -0.088700   3.39967   1.91652             2.350     2.010     1.150         6
6  0.133500   3.39967   1.91652             3.440     2.180    -1.110         6
7 -0.598201   3.06647   3.68587             4.660     1.640    -0.630         8
8  0.031700   2.64953   0.27504             1.860    -1.520    -1.880         1
9  0.031700   2.64953   0.27504             1.050     0.010    -2.310         1
10  0.031700   2.64953   0.27504             2.810    -0.140    -2.460         1
11  0.047000   2.64953   0.27504             3.040    -0.380    -0.020         1
12  0.047000   2.64953   0.27504             1.290    -0.280     0.190         1
13  0.037500   2.64953   0.27504             2.440     3.100     1.270         1
14  0.037500   2.64953   0.27504             3.220     1.550     1.620         1
15  0.037500   2.64953   0.27504             1.460     1.690     1.700         1
16  0.019300   2.47135   0.27504             3.480     3.270    -1.020         1
17  0.019300   2.47135   0.27504             3.350     1.940    -2.170         1
18  0.396800   0.00000   0.00000             5.370     2.040    -1.170         1
