mobley_8765203	7.637088	2.84716	#systeme  DGsolv_calc  DGsolv_expt (kJ/mol)
13
#    charge    sigma(Ang)  epsilon(kJ/mol)  x         y         z        Zatomic
1 -0.061900   3.39967   1.91652            -0.520    -2.470    -1.030         6
2 -0.080200   3.39967   1.50658            -0.660    -2.690     0.450         6
3 -0.215400   3.39967   1.50658            -0.970    -3.900     0.940         6
4 -0.128800   3.39967   1.50658            -0.450    -1.570     1.370         6
5 -0.211100   3.39967   1.50658            -0.130    -0.320     1.030         6
6  0.042800   2.64953   0.27504            -1.480    -2.180    -1.470         1
7  0.042800   2.64953   0.27504            -0.190    -3.370    -1.550         1
8  0.042800   2.64953   0.27504             0.220    -1.680    -1.240         1
9  0.113000   2.59964   0.26278            -1.070    -4.080     2.000         1
10  0.113000   2.59964   0.26278            -1.130    -4.760     0.280         1
11  0.118200   2.59964   0.26278            -0.560    -1.790     2.430         1
12  0.112400   2.59964   0.26278             0.000     0.430     1.800         1
13  0.112400   2.59964   0.26278            -0.000     0.000    -0.000         1
