mobley_1662128	9.910629	5.77806	#systeme  DGsolv_calc  DGsolv_expt (kJ/mol)
12
#    charge    sigma(Ang)  epsilon(kJ/mol)  x         y         z        Zatomic
1 -0.088100   3.39967   1.91652             4.080    -1.560     0.740         6
2 -0.054300   3.39967   1.91652             2.930    -1.870    -0.220         6
3 -0.162400   3.39967   1.50658             1.950    -0.750    -0.280         6
4 -0.224000   3.39967   1.50658             0.890    -0.640     0.520         6
5  0.034500   2.64953   0.27504             4.780    -2.400     0.770         1
6  0.034500   2.64953   0.27504             3.710    -1.390     1.750         1
7  0.034500   2.64953   0.27504             4.630    -0.670     0.420         1
8  0.043900   2.64953   0.27504             2.450    -2.810     0.100         1
9  0.043900   2.64953   0.27504             3.340    -2.050    -1.220         1
10  0.117300   2.59964   0.26278             2.110     0.020    -1.040         1
11  0.110100   2.59964   0.26278             0.200     0.200     0.440         1
12  0.110100   2.59964   0.26278             0.690    -1.390     1.280         1
