mobley_397645	-19.247639	-15.24068	#systeme  DGsolv_calc  DGsolv_expt (kJ/mol)
21
#    charge    sigma(Ang)  epsilon(kJ/mol)  x         y         z        Zatomic
1 -0.099500   3.39967   1.91652            -0.880    -1.040    -3.910         6
2  0.133300   3.39967   1.91652             0.580    -1.020    -3.510         6
3 -0.436700   3.00001   2.97813             0.670    -1.030    -2.080         8
4  0.647401   3.39967   1.50658             1.930    -1.020    -1.570         6
5 -0.536101   2.95992   3.67887             2.970    -0.990    -2.200         8
6 -0.133900   3.39967   1.50658             1.890    -1.040    -0.110         6
7 -0.073200   3.39967   1.50658             2.920    -1.630     0.610         6
8 -0.144900   3.39967   1.50658             2.880    -1.650     2.000         6
9 -0.099600   3.39967   1.50658             1.800    -1.080     2.680         6
10 -0.144900   3.39967   1.50658             0.760    -0.480     1.960         6
11 -0.073200   3.39967   1.50658             0.810    -0.460     0.560         6
12  0.047400   2.64953   0.27504            -0.980    -1.030    -5.000         1
13  0.047400   2.64953   0.27504            -1.370    -1.940    -3.520         1
14  0.047400   2.64953   0.27504            -1.410    -0.180    -3.500         1
15  0.049400   2.47135   0.27504             1.070    -0.110    -3.880         1
16  0.049400   2.47135   0.27504             1.110    -1.890    -3.900         1
17  0.153400   2.59964   0.26278             3.770    -2.080     0.090         1
18  0.139100   2.59964   0.26278             3.690    -2.120     2.560         1
19  0.135300   2.59964   0.26278             1.770    -1.100     3.760         1
20  0.139100   2.59964   0.26278            -0.080    -0.040     2.480         1
21  0.153400   2.59964   0.26278            -0.010     0.000     0.010         1
