mobley_6978427	-18.322312	-13.8171	#systeme  DGsolv_calc  DGsolv_expt (kJ/mol)
24
#    charge    sigma(Ang)  epsilon(kJ/mol)  x         y         z        Zatomic
1  0.125900   3.39967   1.91652             0.510     0.830     1.290         6
2 -0.446100   3.00001   2.97813             0.300    -0.420     0.620         8
3  0.632201   3.39967   1.50658             0.730    -0.480    -0.670         6
4 -0.538601   2.95992   3.67887             1.270     0.430    -1.290         8
5 -0.100900   3.39967   1.91652             0.440    -1.830    -1.240         6
6 -0.071100   3.39967   1.91652             1.090    -2.920    -0.380         6
7 -0.080600   3.39967   1.91652             2.600    -3.030    -0.590         6
8 -0.078000   3.39967   1.91652             2.950    -3.190    -2.060         6
9 -0.080600   3.39967   1.91652             2.370    -2.050    -2.900         6
10 -0.071100   3.39967   1.91652             0.860    -1.920    -2.710         6
11  0.048700   2.47135   0.27504             0.130     0.760     2.310         1
12  0.048700   2.47135   0.27504             0.000     1.630     0.750         1
13  0.048700   2.47135   0.27504             1.580     1.030     1.320         1
14  0.078000   2.64953   0.27504            -0.650    -1.950    -1.180         1
15  0.053200   2.64953   0.27504             0.890    -2.730     0.680         1
16  0.053200   2.64953   0.27504             0.630    -3.880    -0.620         1
17  0.047900   2.64953   0.27504             3.100    -2.140    -0.190         1
18  0.047900   2.64953   0.27504             2.980    -3.880    -0.030         1
19  0.040200   2.64953   0.27504             4.040    -3.220    -2.180         1
20  0.040200   2.64953   0.27504             2.560    -4.150    -2.430         1
21  0.047900   2.64953   0.27504             2.860    -1.110    -2.630         1
22  0.047900   2.64953   0.27504             2.590    -2.230    -3.960         1
23  0.053200   2.64953   0.27504             0.510    -1.030    -3.260         1
24  0.053200   2.64953   0.27504             0.370    -2.790    -3.170         1
