mobley_8823527	-3.860414	-15.11507	#systeme  DGsolv_calc  DGsolv_expt (kJ/mol)
22
#    charge    sigma(Ang)  epsilon(kJ/mol)  x         y         z        Zatomic
1 -0.111100   3.39967   1.50658             1.890    -1.040    -0.110         6
2 -0.118600   3.39967   1.50658             2.920    -1.630     0.610         6
3  0.030100   3.39967   1.50658             2.880    -1.650     2.000         6
4 -0.038000   3.39967   1.50658             1.800    -1.080     2.680         6
5 -0.101100   3.39967   1.50658             0.760    -0.480     1.960         6
6  0.014000   3.39967   1.50658             0.810    -0.460     0.560         6
7 -0.078800   3.47094   4.64238            -0.470     0.270    -0.330        18
8 -0.030700   3.39967   1.50658             1.720    -1.080     4.120         6
9 -0.097200   3.39967   1.50658             1.090    -2.130     4.790         6
10  0.021600   3.39967   1.50658             1.010    -2.130     6.180         6
11  0.021400   3.39967   1.50658             1.550    -1.080     6.910         6
12  0.021600   3.39967   1.50658             2.180    -0.020     6.250         6
13 -0.097200   3.39967   1.50658             2.260    -0.020     4.850         6
14 -0.058700   3.47094   4.64238             2.870     1.330     7.080        18
15 -0.042100   3.47094   4.64238             1.450    -1.080     8.640        18
16 -0.058700   3.47094   4.64238             0.220    -3.480     6.930        18
17 -0.070200   3.47094   4.64238             4.190    -2.400     2.840        18
18  0.154100   2.59964   0.26278             1.930    -1.030    -1.200         1
19  0.155600   2.59964   0.26278             3.750    -2.070     0.070         1
20  0.159800   2.59964   0.26278            -0.080    -0.040     2.480         1
21  0.162100   2.59964   0.26278             0.670    -2.960     4.210         1
22  0.162100   2.59964   0.26278             2.740     0.800     4.330         1
