mobley_6733657	-13.52401	-14.40328	#systeme  DGsolv_calc  DGsolv_expt (kJ/mol)
24
#    charge    sigma(Ang)  epsilon(kJ/mol)  x         y         z        Zatomic
1 -0.099700   3.39967   1.91652            -0.300    -1.440     2.490         6
2  0.055000   3.39967   1.91652            -1.250    -0.300     2.190         6
3  0.075500   2.47135   0.27504            -2.270    -0.670     2.380         1
4 -0.068100   3.39967   1.91652            -1.170     0.020     0.690         6
5  0.082800   2.64953   0.27504            -2.210     0.090     0.340         1
6 -0.068100   3.39967   1.91652            -0.490    -1.260     0.030         6
7  0.082800   2.64953   0.27504            -1.240    -1.760    -0.610         1
8  0.055000   3.39967   1.91652            -0.240    -2.230     1.200         6
9  0.075500   2.47135   0.27504            -1.080    -2.940     1.210         1
10 -0.143000   3.47094   4.64238             1.200    -3.250     1.130        18
11  0.089100   3.39967   1.91652             0.590    -0.610    -0.930         6
12 -0.044700   3.39967   1.50658            -0.260     0.060    -2.000         6
13 -0.044700   3.39967   1.50658            -0.830     1.140    -1.450         6
14  0.089100   3.39967   1.91652            -0.370     1.200     0.010         6
15  0.139100   3.39967   1.91652             1.080     0.670    -0.190         6
16 -0.086800   3.47094   4.64238             2.030     0.410     1.280        18
17 -0.086800   3.47094   4.64238             2.130     1.750    -1.230        18
18 -0.058000   3.47094   4.64238            -0.480     2.800     0.720        18
19 -0.002900   3.47094   4.64238            -1.950     2.200    -2.150        18
20 -0.002900   3.47094   4.64238            -0.510    -0.550    -3.560        18
21 -0.058000   3.47094   4.64238             1.850    -1.640    -1.570        18
22 -0.143000   3.47094   4.64238            -1.050     1.030     3.340        18
23  0.081400   2.64953   0.27504            -0.690    -2.070     3.310         1
24  0.081400   2.64953   0.27504             0.680    -1.100     2.840         1
