mobley_5494918	9.651035	12.26791	#systeme  DGsolv_calc  DGsolv_expt (kJ/mol)
9
#    charge    sigma(Ang)  epsilon(kJ/mol)  x         y         z        Zatomic
1 -0.055200   3.39967   1.50658             0.230     0.030     0.490         6
2  0.379200   3.39967   1.50658            -0.940    -0.450     0.940         6
3 -0.128600   3.11815   1.06862            -1.130    -0.670     2.260        10
4 -0.128600   3.11815   1.06862            -1.930    -0.700     0.070        10
5  0.694101   3.39967   1.91652             0.550     0.300    -0.930         6
6 -0.216000   3.11815   1.06862             1.800     0.780    -1.130        10
7 -0.216000   3.11815   1.06862             0.430    -0.810    -1.690        10
8 -0.216000   3.11815   1.06862            -0.300     1.220    -1.460        10
9 -0.112900   3.11815   1.06862             1.200     0.270     1.400        10
