mobley_7360181	-9.709653	-3.3496	#systeme  DGsolv_calc  DGsolv_expt (kJ/mol)
20
#    charge    sigma(Ang)  epsilon(kJ/mol)  x         y         z        Zatomic
1  0.124100   3.39967   1.91652             1.280     0.640    -1.660         6
2 -0.428800   3.00001   2.97813             0.210    -0.120    -1.120         8
3  0.504801   3.39967   1.91652            -0.030     0.030     0.290         6
4  0.615701   3.39967   1.91652             1.200    -0.390     1.120         6
5 -0.226600   3.11815   1.06862             2.270     0.370     0.800        10
6 -0.226600   3.11815   1.06862             1.540    -1.680     0.890        10
7 -0.226600   3.11815   1.06862             0.980    -0.260     2.440        10
8 -0.428800   3.00001   2.97813            -0.270     1.410     0.660         8
9  0.124100   3.39967   1.91652            -1.410     1.980     0.010         6
10 -0.428800   3.00001   2.97813            -1.160    -0.770     0.700         8
11  0.124100   3.39967   1.91652            -1.260    -2.050     0.100         6
12  0.052600   2.47135   0.27504             1.360     0.450    -2.730         1
13  0.052600   2.47135   0.27504             2.210     0.360    -1.150         1
14  0.052600   2.47135   0.27504             1.080     1.700    -1.490         1
15  0.052600   2.47135   0.27504            -1.520     3.010     0.340         1
16  0.052600   2.47135   0.27504            -2.290     1.390     0.270         1
17  0.052600   2.47135   0.27504            -1.250     1.950    -1.060         1
18  0.052600   2.47135   0.27504            -2.150    -2.560     0.480         1
19  0.052600   2.47135   0.27504            -0.370    -2.630     0.330         1
20  0.052600   2.47135   0.27504            -1.350    -1.930    -0.980         1
