mobley_590519	-4.099073	-6.86668	#systeme  DGsolv_calc  DGsolv_expt (kJ/mol)
16
#    charge    sigma(Ang)  epsilon(kJ/mol)  x         y         z        Zatomic
1 -0.095600   3.39967   1.91652            -0.280     0.290    -0.140         6
2  0.012100   3.39967   1.91652             0.810    -0.660     0.320         6
3 -0.213950   3.56359   4.37960             0.240    -1.660     1.720        16
4 -0.213950   3.56359   4.37960             1.890    -2.820     2.100        16
5  0.012100   3.39967   1.91652             2.790    -1.800     3.300         6
6 -0.095500   3.39967   1.91652             4.080    -2.480     3.730         6
7  0.049800   2.64953   0.27504             0.050     0.910    -0.980         1
8  0.049800   2.64953   0.27504            -1.190    -0.250    -0.430         1
9  0.049800   2.64953   0.27504            -0.550     0.970     0.680         1
10  0.074000   2.47135   0.27504             1.700    -0.100     0.630         1
11  0.074000   2.47135   0.27504             1.100    -1.330    -0.500         1
12  0.074000   2.47135   0.27504             3.010    -0.830     2.840         1
13  0.074000   2.47135   0.27504             2.150    -1.620     4.170         1
14  0.049800   2.64953   0.27504             4.630    -1.880     4.450         1
15  0.049800   2.64953   0.27504             3.880    -3.460     4.170         1
16  0.049800   2.64953   0.27504             4.730    -2.640     2.860         1
