mobley_3452749	-3.697121	-5.06627	#systeme  DGsolv_calc  DGsolv_expt (kJ/mol)
21
#    charge    sigma(Ang)  epsilon(kJ/mol)  x         y         z        Zatomic
1 -0.054300   3.39967   1.91652             1.950    -1.030    -1.610         6
2 -0.073500   3.39967   1.50658             1.890    -1.040    -0.110         6
3 -0.133250   3.39967   1.50658             2.920    -1.630     0.610         6
4 -0.127700   3.39967   1.50658             2.880    -1.650     2.000         6
5 -0.133250   3.39967   1.50658             1.800    -1.080     2.680         6
6 -0.073500   3.39967   1.50658             0.760    -0.480     1.960         6
7 -0.071400   3.39967   1.50658             0.810    -0.460     0.560         6
8 -0.054600   3.39967   1.91652            -0.300     0.170    -0.210         6
9 -0.054300   3.39967   1.91652            -0.380     0.120     2.700         6
10  0.043000   2.64953   0.27504             2.470    -0.130    -1.950         1
11  0.043000   2.64953   0.27504             2.490    -1.910    -1.980         1
12  0.043000   2.64953   0.27504             0.950    -1.050    -2.040         1
13  0.129000   2.59964   0.26278             3.770    -2.080     0.090         1
14  0.129600   2.59964   0.26278             3.690    -2.110     2.560         1
15  0.129000   2.59964   0.26278             1.780    -1.100     3.760         1
16  0.043400   2.64953   0.27504            -0.090     1.230    -0.380         1
17  0.043400   2.64953   0.27504            -0.440    -0.320    -1.180         1
18  0.043400   2.64953   0.27504            -1.260     0.090     0.330         1
19  0.043000   2.64953   0.27504            -0.170     1.180     2.920         1
20  0.043000   2.64953   0.27504            -1.310     0.060     2.120         1
21  0.043000   2.64953   0.27504            -0.560    -0.400     3.650         1
