mobley_718988	-10.693598	-15.86873	#systeme  DGsolv_calc  DGsolv_expt (kJ/mol)
25
#    charge    sigma(Ang)  epsilon(kJ/mol)  x         y         z        Zatomic
1 -0.092400   3.39967   1.91652             0.690    -0.720     0.100         6
2 -0.078800   3.39967   1.91652             0.160    -2.100    -0.260         6
3 -0.078700   3.39967   1.91652            -0.300    -2.170    -1.720         6
4 -0.079000   3.39967   1.91652            -0.830    -3.560    -2.070         6
5 -0.072100   3.39967   1.91652            -1.300    -3.680    -3.520         6
6 -0.121200   3.39967   1.91652            -1.830    -5.080    -3.870         6
7  0.151100   3.39967   1.91652            -2.290    -5.140    -5.330         6
8 -0.908801   3.25000   2.97813            -2.790    -6.470    -5.650         7
9  0.032700   2.64953   0.27504             1.010    -0.680     1.140         1
10  0.032700   2.64953   0.27504             1.540    -0.450    -0.540         1
11  0.032700   2.64953   0.27504            -0.100     0.030    -0.050         1
12  0.037800   2.64953   0.27504             0.940    -2.840    -0.080         1
13  0.037800   2.64953   0.27504            -0.680    -2.350     0.400         1
14  0.039300   2.64953   0.27504             0.540    -1.920    -2.380         1
15  0.039300   2.64953   0.27504            -1.080    -1.420    -1.880         1
16  0.038700   2.64953   0.27504            -0.030    -4.300    -1.910         1
17  0.038700   2.64953   0.27504            -1.650    -3.820    -1.390         1
18  0.041600   2.64953   0.27504            -2.070    -2.930    -3.720         1
19  0.041600   2.64953   0.27504            -0.450    -3.450    -4.180         1
20  0.038100   2.64953   0.27504            -1.050    -5.820    -3.690         1
21  0.038100   2.64953   0.27504            -2.680    -5.330    -3.220         1
22  0.051900   2.47135   0.27504            -3.080    -4.410    -5.510         1
23  0.051900   2.47135   0.27504            -1.450    -4.900    -6.000         1
24  0.343500   1.06908   0.27504            -3.740    -6.680    -5.410         1
25  0.343500   1.06908   0.27504            -2.130    -7.180    -5.890         1
