mobley_1261349	10.492622	10.50937	#systeme  DGsolv_calc  DGsolv_expt (kJ/mol)
17
#    charge    sigma(Ang)  epsilon(kJ/mol)  x         y         z        Zatomic
1 -0.085000   3.39967   1.91652            -0.610    -0.130     0.900         6
2 -0.059600   3.39967   1.91652             0.260    -0.350     2.140         6
3 -0.085000   3.39967   1.91652             1.190     0.860     2.340         6
4 -0.085000   3.39967   1.91652             1.110    -1.620     1.950         6
5 -0.085000   3.39967   1.91652            -0.640    -0.520     3.380         6
6  0.033300   2.64953   0.27504            -1.290    -0.970     0.730         1
7  0.033300   2.64953   0.27504            -1.230     0.770     1.010         1
8  0.033300   2.64953   0.27504             0.000    -0.000    -0.000         1
9  0.033300   2.64953   0.27504             1.820     0.730     3.220         1
10  0.033300   2.64953   0.27504             0.610     1.780     2.480         1
11  0.033300   2.64953   0.27504             1.840     1.010     1.480         1
12  0.033300   2.64953   0.27504             1.740    -1.800     2.820         1
13  0.033300   2.64953   0.27504             0.470    -2.500     1.800         1
14  0.033300   2.64953   0.27504             1.760    -1.520     1.070         1
15  0.033300   2.64953   0.27504            -0.040    -0.680     4.280         1
16  0.033300   2.64953   0.27504            -1.310    -1.380     3.260         1
17  0.033300   2.64953   0.27504            -1.260     0.370     3.540         1
