mobley_1967551	-14.118564	-14.6545	#systeme  DGsolv_calc  DGsolv_expt (kJ/mol)
7
#    charge    sigma(Ang)  epsilon(kJ/mol)  x         y         z        Zatomic
1 -0.221100   3.39967   1.91652            -0.590    -0.920    -0.030         6
2  0.563201   3.39967   1.50658            -1.500    -0.960     1.150         6
3 -0.526801   2.95992   3.67887            -1.480    -1.850     2.000         8
4  0.064700   2.64953   0.27504            -1.060    -1.450    -0.870         1
5  0.064700   2.64953   0.27504            -0.400     0.120    -0.330         1
6  0.064700   2.64953   0.27504             0.360    -1.400     0.230         1
7 -0.009400   2.51055   0.26278            -2.220    -0.130     1.230         1
