mobley_2197088	13.963645	13.23092	#systeme  DGsolv_calc  DGsolv_expt (kJ/mol)
32
#    charge    sigma(Ang)  epsilon(kJ/mol)  x         y         z        Zatomic
1 -0.091500   3.39967   1.91652             0.470    -0.750     0.270         6
2 -0.079100   3.39967   1.91652            -0.300    -2.030     0.560         6
3 -0.078300   3.39967   1.91652            -1.270    -2.380    -0.570         6
4 -0.077900   3.39967   1.91652            -2.040    -3.670    -0.270         6
5 -0.077700   3.39967   1.91652            -3.010    -4.010    -1.400         6
6 -0.077700   3.39967   1.91652            -3.800    -5.290    -1.150         6
7 -0.077900   3.39967   1.91652            -4.770    -5.630    -2.290         6
8 -0.078300   3.39967   1.91652            -5.570    -6.920    -2.040         6
9 -0.079100   3.39967   1.91652            -6.540    -7.260    -3.170         6
10 -0.091900   3.39967   1.91652            -7.310    -8.540    -2.880         6
11  0.032700   2.64953   0.27504             1.160    -0.520     1.090         1
12  0.032700   2.64953   0.27504            -0.220     0.100     0.160         1
13  0.032700   2.64953   0.27504             1.050    -0.850    -0.650         1
14  0.038000   2.64953   0.27504            -0.850    -1.910     1.500         1
15  0.038000   2.64953   0.27504             0.420    -2.850     0.710         1
16  0.038400   2.64953   0.27504            -0.710    -2.490    -1.500         1
17  0.038400   2.64953   0.27504            -1.980    -1.550    -0.710         1
18  0.038400   2.64953   0.27504            -2.590    -3.550     0.670         1
19  0.038400   2.64953   0.27504            -1.330    -4.490    -0.130         1
20  0.038500   2.64953   0.27504            -2.440    -4.130    -2.330         1
21  0.038500   2.64953   0.27504            -3.700    -3.170    -1.560         1
22  0.038500   2.64953   0.27504            -4.350    -5.200    -0.200         1
23  0.038500   2.64953   0.27504            -3.090    -6.120    -1.030         1
24  0.038400   2.64953   0.27504            -5.470    -4.800    -2.450         1
25  0.038400   2.64953   0.27504            -4.210    -5.760    -3.220         1
26  0.038400   2.64953   0.27504            -4.860    -7.740    -1.910         1
27  0.038400   2.64953   0.27504            -6.120    -6.830    -1.090         1
28  0.038000   2.64953   0.27504            -7.260    -6.450    -3.310         1
29  0.038000   2.64953   0.27504            -5.990    -7.380    -4.110         1
30  0.032700   2.64953   0.27504            -7.990    -8.770    -3.700         1
31  0.032700   2.64953   0.27504            -6.620    -9.390    -2.760         1
32  0.032700   2.64953   0.27504            -7.890    -8.440    -1.960         1
