mobley_1563176	-0.728538	-4.14513	#systeme  DGsolv_calc  DGsolv_expt (kJ/mol)
15
#    charge    sigma(Ang)  epsilon(kJ/mol)  x         y         z        Zatomic
1 -0.093700   3.39967   1.91652             0.940    -0.060    -0.700         6
2 -0.079600   3.39967   1.91652             0.890    -1.420    -1.380         6
3 -0.084000   3.39967   1.91652            -0.340    -1.540    -2.290         6
4  0.005100   3.39967   1.91652            -0.450    -2.890    -3.000         6
5 -0.378700   3.56359   4.37960            -1.910    -3.020    -4.070        16
6  0.035000   2.64953   0.27504             1.820     0.010    -0.060         1
7  0.035000   2.64953   0.27504             0.050     0.110    -0.080         1
8  0.035000   2.64953   0.27504             1.000     0.750    -1.450         1
9  0.041200   2.64953   0.27504             0.860    -2.200    -0.610         1
10  0.041200   2.64953   0.27504             1.810    -1.560    -1.950         1
11  0.049200   2.64953   0.27504            -0.350    -0.730    -3.020         1
12  0.049200   2.64953   0.27504            -1.240    -1.410    -1.680         1
13  0.072800   2.47135   0.27504             0.450    -3.080    -3.600         1
14  0.072800   2.47135   0.27504            -0.510    -3.690    -2.250         1
15  0.199500   1.06908   0.27504            -1.580    -1.990    -4.870         1
