mobley_4699732	-1.109555	-5.31749	#systeme  DGsolv_calc  DGsolv_expt (kJ/mol)
11
#    charge    sigma(Ang)  epsilon(kJ/mol)  x         y         z        Zatomic
1 -0.105200   3.39967   1.91652             0.870    -0.530     0.400         6
2  0.048300   3.39967   1.91652             1.260     0.030     1.770         6
3  0.075000   2.47135   0.27504             1.390     1.110     1.680         1
4  0.022400   3.39967   1.91652             0.220    -0.240     2.860         6
5 -0.171400   3.47094   4.64238            -0.100    -1.970     3.140        18
6 -0.184700   3.47094   4.64238             2.860    -0.620     2.250        18
7  0.055200   2.64953   0.27504             0.730    -1.610     0.420         1
8  0.055200   2.64953   0.27504            -0.060    -0.080     0.050         1
9  0.055200   2.64953   0.27504             1.650    -0.300    -0.340         1
10  0.075000   2.47135   0.27504             0.550     0.180     3.810         1
11  0.075000   2.47135   0.27504            -0.740     0.230     2.600         1
