mobley_2068538	10.446565	8.374	#systeme  DGsolv_calc  DGsolv_expt (kJ/mol)
11
#    charge    sigma(Ang)  epsilon(kJ/mol)  x         y         z        Zatomic
1 -0.092400   3.39967   1.91652            -0.550    -0.280     0.900         6
2 -0.081400   3.39967   1.91652             0.390    -0.440     2.090         6
3 -0.092400   3.39967   1.91652             1.130     0.820     2.390         6
4  0.032200   2.64953   0.27504            -1.090    -1.210     0.700         1
5  0.032200   2.64953   0.27504            -1.300     0.500     1.100         1
6  0.032200   2.64953   0.27504             0.010    -0.000     0.010         1
7  0.036500   2.64953   0.27504            -0.190    -0.740     2.970         1
8  0.036500   2.64953   0.27504             1.100    -1.240     1.880         1
9  0.032200   2.64953   0.27504             1.800     0.660     3.250         1
10  0.032200   2.64953   0.27504             0.440     1.630     2.640         1
11  0.032200   2.64953   0.27504             1.740     1.120     1.530         1
