mobley_6248915	-10.840143	-15.28255	#systeme  DGsolv_calc  DGsolv_expt (kJ/mol)
28
#    charge    sigma(Ang)  epsilon(kJ/mol)  x         y         z        Zatomic
1 -0.091400   3.39967   1.91652             4.080    -1.030     3.740         6
2 -0.079400   3.39967   1.91652             3.460    -0.060     2.760         6
3 -0.078500   3.39967   1.91652             4.500     0.470     1.760         6
4 -0.077300   3.39967   1.91652             3.860     1.450     0.770         6
5 -0.078000   3.39967   1.91652             4.860     2.000    -0.260         6
6 -0.073700   3.39967   1.91652             4.280     2.990    -1.270         6
7 -0.121700   3.39967   1.91652             5.320     3.510    -2.270         6
8  0.157000   3.39967   1.91652             4.730     4.500    -3.280         6
9 -0.917801   3.25000   2.97813             5.710     4.980    -4.210         7
10  0.033200   2.64953   0.27504             3.330    -1.390     4.450         1
11  0.033200   2.64953   0.27504             4.500    -1.900     3.220         1
12  0.033200   2.64953   0.27504             4.880    -0.560     4.320         1
13  0.037600   2.64953   0.27504             3.020     0.780     3.310         1
14  0.037600   2.64953   0.27504             2.650    -0.550     2.220         1
15  0.037800   2.64953   0.27504             5.310     0.960     2.300         1
16  0.037800   2.64953   0.27504             4.930    -0.380     1.220         1
17  0.039100   2.64953   0.27504             3.020     0.970     0.260         1
18  0.039100   2.64953   0.27504             3.450     2.300     1.330         1
19  0.038400   2.64953   0.27504             5.680     2.490     0.280         1
20  0.038400   2.64953   0.27504             5.300     1.170    -0.800         1
21  0.040900   2.64953   0.27504             3.810     3.840    -0.760         1
22  0.040900   2.64953   0.27504             3.480     2.480    -1.820         1
23  0.037500   2.64953   0.27504             5.780     2.670    -2.800         1
24  0.037500   2.64953   0.27504             6.130     4.030    -1.730         1
25  0.050400   2.47135   0.27504             4.330     5.370    -2.750         1
26  0.050400   2.47135   0.27504             3.920     4.040    -3.850         1
27  0.348900   1.06908   0.27504             5.930     4.430    -5.030         1
28  0.348900   1.06908   0.27504             6.300     5.750    -3.950         1
