mobley_4893032	-8.989489	-14.73824	#systeme  DGsolv_calc  DGsolv_expt (kJ/mol)
15
#    charge    sigma(Ang)  epsilon(kJ/mol)  x         y         z        Zatomic
1 -0.093200   3.39967   1.91652             0.110     0.940     0.560         6
2 -0.080700   3.39967   1.91652             0.250     0.650     2.040         6
3 -0.079300   3.39967   1.91652             0.400     1.940     2.850         6
4 -0.021900   3.39967   1.91652             0.550     1.650     4.340         6
5  0.210300   3.39967   3.67887             0.690     2.900     5.110         6
6 -0.376500   3.25000   2.97813             0.800     3.880     5.720         7
7  0.036700   2.64953   0.27504             0.000     0.010    -0.010         1
8  0.036700   2.64953   0.27504            -0.780     1.550     0.370         1
9  0.036700   2.64953   0.27504             0.980     1.480     0.170         1
10  0.040700   2.64953   0.27504            -0.630     0.100     2.390         1
11  0.040700   2.64953   0.27504             1.130     0.010     2.200         1
12  0.052300   2.64953   0.27504            -0.470     2.590     2.680         1
13  0.052300   2.64953   0.27504             1.280     2.500     2.490         1
14  0.072600   2.64953   0.27504            -0.330     1.100     4.700         1
15  0.072600   2.64953   0.27504             1.420     1.020     4.510         1
