mobley_2636578	-22.283214	-20.0976	#systeme  DGsolv_calc  DGsolv_expt (kJ/mol)
17
#    charge    sigma(Ang)  epsilon(kJ/mol)  x         y         z        Zatomic
1 -0.088200   3.39967   1.91652             0.780    -0.010    -0.780         6
2  0.125600   3.39967   1.91652             0.400     0.930    -1.900         6
3 -0.342200   3.00001   2.97813             0.210     2.230    -1.370         8
4  0.376600   3.25000   2.97813            -0.150     3.200    -2.350         7
5 -0.172000   2.95992   3.67887            -0.260     2.820    -3.520         8
6 -0.172000   2.95992   3.67887            -0.310     4.330    -1.870         8
7  0.125600   3.39967   1.91652             1.000    -1.430    -1.270         6
8 -0.342200   3.00001   2.97813             1.350    -2.280    -0.180         8
9  0.376600   3.25000   2.97813             1.570    -3.630    -0.560         7
10 -0.172000   2.95992   3.67887             1.440    -3.920    -1.750         8
11 -0.172000   2.95992   3.67887             1.880    -4.350     0.400         8
12  0.085900   2.64953   0.27504             1.680     0.350    -0.270         1
13  0.085900   2.64953   0.27504             0.000     0.000     0.000         1
14  0.071100   2.47135   0.27504             1.190     0.980    -2.660         1
15  0.071100   2.47135   0.27504            -0.530     0.610    -2.380         1
16  0.071100   2.47135   0.27504             1.810    -1.470    -2.000         1
17  0.071100   2.47135   0.27504             0.100    -1.840    -1.740         1
