mobley_3323117	-40.295688	-36.05007	#systeme  DGsolv_calc  DGsolv_expt (kJ/mol)
15
#    charge    sigma(Ang)  epsilon(kJ/mol)  x         y         z        Zatomic
1 -0.059900   3.39967   1.91652            -1.120     1.440    -0.170         6
2 -0.059900   3.39967   1.91652             0.030     1.400    -1.180         6
3 -0.308300   3.39967   1.91652             1.130     0.570    -0.530         6
4  1.209601   3.56359   4.37960             0.280    -0.730     0.350        16
5 -0.308300   3.39967   1.91652            -1.350    -0.010     0.270         6
6 -0.605601   2.95992   3.67887             0.730    -0.730     1.730         8
7 -0.605601   2.95992   3.67887             0.290    -1.940    -0.460         8
8  0.062400   2.64953   0.27504            -2.020     1.880    -0.600         1
9  0.062400   2.64953   0.27504            -0.830     2.050     0.690         1
10  0.062400   2.64953   0.27504            -0.310     0.920    -2.100         1
11  0.062400   2.64953   0.27504             0.390     2.400    -1.430         1
12  0.122100   2.47135   0.27504             1.810     0.130    -1.270         1
13  0.122100   2.47135   0.27504             1.690     1.160     0.200         1
14  0.122100   2.47135   0.27504            -1.920    -0.550    -0.490         1
15  0.122100   2.47135   0.27504            -1.840    -0.080     1.240         1
