mobley_2213823	10.940631	10.50937	#systeme  DGsolv_calc  DGsolv_expt (kJ/mol)
20
#    charge    sigma(Ang)  epsilon(kJ/mol)  x         y         z        Zatomic
1 -0.091450   3.39967   1.91652             0.390    -0.960    -0.390         6
2 -0.077200   3.39967   1.91652            -0.770    -1.810    -0.890         6
3 -0.064600   3.39967   1.91652            -0.340    -3.040    -1.710         6
4 -0.089700   3.39967   1.91652             0.540    -3.980    -0.880         6
5 -0.077200   3.39967   1.91652            -1.600    -3.770    -2.230         6
6 -0.091450   3.39967   1.91652            -1.300    -5.010    -3.050         6
7  0.032900   2.64953   0.27504             0.030    -0.100     0.180         1
8  0.032900   2.64953   0.27504             1.030    -1.560     0.260         1
9  0.032900   2.64953   0.27504             1.010    -0.600    -1.220         1
10  0.037200   2.64953   0.27504            -1.410    -1.170    -1.520         1
11  0.037200   2.64953   0.27504            -1.390    -2.120    -0.030         1
12  0.044900   2.64953   0.27504             0.240    -2.700    -2.570         1
13  0.033500   2.64953   0.27504             0.850    -4.860    -1.470         1
14  0.033500   2.64953   0.27504             0.020    -4.340     0.020         1
15  0.033500   2.64953   0.27504             1.450    -3.480    -0.530         1
16  0.037200   2.64953   0.27504            -2.250    -4.040    -1.390         1
17  0.037200   2.64953   0.27504            -2.170    -3.080    -2.860         1
18  0.032900   2.64953   0.27504            -2.240    -5.470    -3.390         1
19  0.032900   2.64953   0.27504            -0.760    -5.760    -2.470         1
20  0.032900   2.64953   0.27504            -0.710    -4.760    -3.940         1
