mobley_8311303	-2.951835	-18.33906	#systeme  DGsolv_calc  DGsolv_expt (kJ/mol)
22
#    charge    sigma(Ang)  epsilon(kJ/mol)  x         y         z        Zatomic
1 -0.091600   3.39967   1.50658             1.890    -1.040    -0.110         6
2 -0.119800   3.39967   1.50658             2.920    -1.630     0.610         6
3  0.026500   3.39967   1.50658             2.880    -1.650     2.000         6
4  0.014900   3.39967   1.50658             1.800    -1.080     2.680         6
5 -0.087700   3.39967   1.50658             0.760    -0.480     1.960         6
6 -0.046200   3.39967   1.50658             0.810    -0.460     0.560         6
7 -0.020400   3.39967   1.50658            -0.270     0.150    -0.190         6
8  0.033300   3.39967   1.50658            -0.200     1.510    -0.510         6
9  0.019500   3.39967   1.50658            -1.240     2.100    -1.230         6
10 -0.104700   3.39967   1.50658            -2.340     1.350    -1.630         6
11  0.019500   3.39967   1.50658            -2.400    -0.010    -1.300         6
12  0.033300   3.39967   1.50658            -1.370    -0.600    -0.580         6
13 -0.041300   3.47094   4.64238            -1.450    -2.300    -0.180        18
14 -0.051100   3.47094   4.64238            -3.800    -0.890    -1.830        18
15 -0.051100   3.47094   4.64238            -1.220     3.780    -1.680        18
16 -0.041300   3.47094   4.64238             1.170     2.460    -0.020        18
17 -0.063400   3.47094   4.64238             1.690    -1.070     4.400        18
18 -0.064000   3.47094   4.64238             4.190    -2.400     2.840        18
19  0.150700   2.59964   0.26278             1.930    -1.030    -1.200         1
20  0.154500   2.59964   0.26278             3.750    -2.080     0.070         1
21  0.159600   2.59964   0.26278            -0.080    -0.040     2.480         1
22  0.170800   2.59964   0.26278            -3.140     1.810    -2.190         1
