mobley_6175884	-20.993618	-17.87849	#systeme  DGsolv_calc  DGsolv_expt (kJ/mol)
17
#    charge    sigma(Ang)  epsilon(kJ/mol)  x         y         z        Zatomic
1 -0.061900   3.39967   1.91652             1.930    -1.010    -1.600         6
2 -0.042200   3.39967   1.50658             1.890    -1.040    -0.110         6
3 -0.148000   3.39967   1.50658             2.920    -1.630     0.610         6
4 -0.073500   3.39967   1.50658             2.880    -1.650     2.000         6
5 -0.203900   3.39967   1.50658             1.800    -1.080     2.680         6
6 -0.073500   3.39967   1.50658             0.760    -0.480     1.960         6
7 -0.148000   3.39967   1.50658             0.810    -0.460     0.560         6
8  0.576001   3.39967   1.50658             1.750    -1.100     4.130         6
9 -0.531301   2.95992   3.67887             0.830    -0.610     4.780         8
10  0.049300   2.64953   0.27504             2.440    -0.110    -1.950         1
11  0.049300   2.64953   0.27504             2.460    -1.890    -1.990         1
12  0.049300   2.64953   0.27504             0.920    -1.040    -2.030         1
13  0.136900   2.59964   0.26278             3.770    -2.080     0.090         1
14  0.144000   2.59964   0.26278             3.690    -2.120     2.550         1
15  0.144000   2.59964   0.26278            -0.080    -0.040     2.470         1
16  0.136900   2.59964   0.26278            -0.010     0.000     0.010         1
17 -0.003400   2.51055   0.26278             2.600    -1.590     4.660         1
