mobley_9729792	-0.410326	-4.14513	#systeme  DGsolv_calc  DGsolv_expt (kJ/mol)
15
#    charge    sigma(Ang)  epsilon(kJ/mol)  x         y         z        Zatomic
1 -0.009600   3.39967   1.91652             0.560     1.580     0.260         6
2 -0.141200   3.39967   1.50658             1.540     0.450     0.170         6
3 -0.133600   3.39967   1.50658             1.360    -0.850    -0.120         6
4 -0.119500   3.39967   1.50658             0.140    -1.520    -0.500         6
5 -0.119500   3.39967   1.50658            -1.120    -1.090    -0.380         6
6 -0.133600   3.39967   1.50658            -1.590     0.160     0.160         6
7 -0.141200   3.39967   1.50658            -0.900     1.280     0.400         6
8  0.048200   2.64953   0.27504             0.700     2.240    -0.610         1
9  0.048200   2.64953   0.27504             0.850     2.170     1.140         1
10  0.113400   2.59964   0.26278             2.570     0.740     0.380         1
11  0.118000   2.59964   0.26278             2.240    -1.490    -0.120         1
12  0.119500   2.59964   0.26278             0.300    -2.510    -0.930         1
13  0.119500   2.59964   0.26278            -1.910    -1.760    -0.720         1
14  0.118000   2.59964   0.26278            -2.660     0.180     0.350         1
15  0.113400   2.59964   0.26278            -1.480     2.120     0.770         1
