mobley_819018	-10.542866	-18.63215	#systeme  DGsolv_calc  DGsolv_expt (kJ/mol)
29
#    charge    sigma(Ang)  epsilon(kJ/mol)  x         y         z        Zatomic
1 -0.060700   3.39967   1.91652            -6.150    -0.670     5.180         6
2 -0.111900   3.39967   1.50658            -5.070    -1.050     4.210         6
3 -0.177700   3.39967   1.50658            -4.900    -0.360     3.070         6
4 -0.044100   3.39967   1.91652            -3.900    -0.590     1.980         6
5 -0.044500   3.39967   1.91652            -2.970     0.610     1.760         6
6 -0.095900   3.39967   1.50658            -1.940     0.400     0.670         6
7 -0.175200   3.39967   1.50658            -1.830     1.160    -0.440         6
8  0.164600   3.39967   1.91652            -0.850     1.020    -1.560         6
9 -0.595501   3.06647   3.68587            -0.090     2.220    -1.650         8
10 -0.065700   3.39967   1.91652            -1.020    -0.770     0.870         6
11 -0.060700   3.39967   1.91652            -4.240    -2.230     4.640         6
12  0.040800   2.64953   0.27504            -7.080    -1.200     4.950         1
13  0.040800   2.64953   0.27504            -5.880    -0.910     6.220         1
14  0.040800   2.64953   0.27504            -6.340     0.410     5.130         1
15  0.117400   2.59964   0.26278            -5.570     0.490     2.880         1
16  0.047600   2.64953   0.27504            -3.310    -1.500     2.130         1
17  0.047600   2.64953   0.27504            -4.460    -0.770     1.050         1
18  0.050300   2.64953   0.27504            -3.580     1.480     1.500         1
19  0.050300   2.64953   0.27504            -2.490     0.890     2.710         1
20  0.133500   2.59964   0.26278            -2.550     1.980    -0.580         1
21  0.024200   2.47135   0.27504            -1.400     0.890    -2.500         1
22  0.024200   2.47135   0.27504            -0.170     0.180    -1.440         1
23  0.397800   0.00000   0.00000             0.530     2.100    -2.390         1
24  0.043200   2.64953   0.27504            -1.450    -1.670     0.410         1
25  0.043200   2.64953   0.27504            -0.870    -0.960     1.930         1
26  0.043200   2.64953   0.27504            -0.040    -0.610     0.410         1
27  0.040800   2.64953   0.27504            -4.690    -3.160     4.270         1
28  0.040800   2.64953   0.27504            -3.210    -2.200     4.280         1
29  0.040800   2.64953   0.27504            -4.190    -2.280     5.730         1
