mobley_1352110	-19.147151	-15.24068	#systeme  DGsolv_calc  DGsolv_expt (kJ/mol)
34
#    charge    sigma(Ang)  epsilon(kJ/mol)  x         y         z        Zatomic
1 -0.093700   3.39967   1.91652            -2.700     2.590    -1.320         6
2 -0.079400   3.39967   1.91652            -3.100     2.540     0.150         6
3 -0.101100   3.39967   1.91652            -1.990     3.120     1.040         6
4  0.103100   3.39967   1.91652            -2.360     3.090     2.520         6
5 -0.473100   3.25000   2.97813            -1.320     3.630     3.350         7
6  0.098200   3.39967   1.91652            -1.280     5.060     3.690         6
7 -0.118200   3.39967   1.91652            -2.040     5.310     4.940         6
8  0.687301   3.39967   1.50658            -0.290     2.810     3.880         6
9 -0.597101   2.95992   3.67887             0.620     3.210     4.600         8
10 -0.280000   3.56359   4.37960            -0.370     1.100     3.420        16
11  0.004200   3.39967   1.91652             1.070     0.450     4.290         6
12 -0.072200   3.39967   1.91652             1.220    -1.050     4.040         6
13 -0.099800   3.39967   1.91652             2.430    -1.620     4.760         6
14  0.030800   2.64953   0.27504            -3.500     2.170    -1.950         1
15  0.030800   2.64953   0.27504            -2.520     3.620    -1.640         1
16  0.030800   2.64953   0.27504            -1.790     2.010    -1.500         1
17  0.043900   2.64953   0.27504            -4.020     3.110     0.290         1
18  0.043900   2.64953   0.27504            -3.310     1.510     0.430         1
19  0.054000   2.64953   0.27504            -1.060     2.560     0.880         1
20  0.054000   2.64953   0.27504            -1.800     4.160     0.750         1
21  0.052700   2.47135   0.27504            -2.570     2.070     2.860         1
22  0.052700   2.47135   0.27504            -3.260     3.700     2.690         1
23  0.057000   2.47135   0.27504            -0.230     5.310     3.800         1
24  0.057000   2.47135   0.27504            -1.700     5.590     2.840         1
25  0.044100   2.64953   0.27504            -2.020     6.370     5.210         1
26  0.044100   2.64953   0.27504            -3.080     4.980     4.840         1
27  0.044100   2.64953   0.27504            -1.580     4.740     5.750         1
28  0.077800   2.47135   0.27504             0.960     0.650     5.360         1
29  0.077800   2.47135   0.27504             1.970     0.980     3.940         1
30  0.051800   2.64953   0.27504             0.330    -1.580     4.380         1
31  0.051800   2.64953   0.27504             1.330    -1.250     2.960         1
32  0.040900   2.64953   0.27504             2.530    -2.690     4.580         1
33  0.040900   2.64953   0.27504             3.350    -1.130     4.410         1
34  0.040900   2.64953   0.27504             2.360    -1.460     5.840         1
