mobley_2518989	-69.148305	-24.03338	#systeme  DGsolv_calc  DGsolv_expt (kJ/mol)
40
#    charge    sigma(Ang)  epsilon(kJ/mol)  x         y         z        Zatomic
1 -0.095800   3.39967   1.91652             2.030     4.120     3.840         6
2  0.133600   3.39967   1.91652             0.730     3.760     3.160         6
3 -0.497200   3.00001   2.97813             1.020     3.010     1.980         8
4  0.914901   3.74177   3.50368            -0.200     2.480     1.020        15
5 -0.481300   3.56359   4.37960            -1.290     3.940     0.320        16
6 -0.497200   3.00001   2.97813            -0.990     1.590     2.140         8
7  0.133600   3.39967   1.91652            -2.170     0.890     1.790         6
8 -0.095800   3.39967   1.91652            -2.700     0.160     3.010         6
9 -0.553101   3.56359   4.37960             0.670     1.100    -0.350        16
10  0.407900   3.39967   1.91652             1.400    -0.230     0.650         6
11  0.119200   2.29317   0.27504             0.720    -0.460     1.480         1
12  0.003200   3.39967   1.91652             1.650    -1.490    -0.180         6
13 -0.177100   3.47094   4.64238             2.370    -2.800     0.790        18
14 -0.504901   3.25000   2.97813             2.630     0.240     1.240         7
15  0.735001   3.39967   1.50658             3.720     0.670     0.510         6
16 -0.544501   2.95992   3.67887             3.870     0.760    -0.700         8
17 -0.133700   3.39967   1.50658             4.740     1.040     1.490         6
18 -0.058900   3.39967   1.50658             6.010     1.540     1.300         6
19 -0.114600   3.39967   1.50658             6.770     1.810     2.440         6
20 -0.114600   3.39967   1.50658             6.240     1.580     3.730         6
21 -0.058900   3.39967   1.50658             4.950     1.080     3.900         6
22 -0.133700   3.39967   1.50658             4.220     0.820     2.750         6
23  0.735001   3.39967   1.50658             2.860     0.300     2.600         6
24 -0.544501   2.95992   3.67887             2.130     0.010     3.530         8
25  0.055700   2.64953   0.27504             1.840     4.700     4.750         1
26  0.055700   2.64953   0.27504             2.590     3.220     4.100         1
27  0.055700   2.64953   0.27504             2.660     4.710     3.170         1
28  0.064400   2.47135   0.27504             0.180     4.660     2.870         1
29  0.064400   2.47135   0.27504             0.110     3.150     3.820         1
30  0.064400   2.47135   0.27504            -2.920     1.610     1.430         1
31  0.064400   2.47135   0.27504            -1.940     0.180     0.990         1
32  0.055700   2.64953   0.27504            -3.610    -0.390     2.780         1
33  0.055700   2.64953   0.27504            -1.950    -0.540     3.390         1
34  0.055700   2.64953   0.27504            -2.910     0.870     3.820         1
35  0.107400   2.47135   0.27504             0.710    -1.870    -0.580         1
36  0.107400   2.47135   0.27504             2.310    -1.290    -1.030         1
37  0.162200   2.59964   0.26278             6.420     1.710     0.310         1
38  0.146200   2.59964   0.26278             7.780     2.200     2.340         1
39  0.146200   2.59964   0.26278             6.850     1.800     4.600         1
40  0.162200   2.59964   0.26278             4.540     0.910     4.890         1
