mobley_8578590	-34.513441	-38.85536	#systeme  DGsolv_calc  DGsolv_expt (kJ/mol)
10
#    charge    sigma(Ang)  epsilon(kJ/mol)  x         y         z        Zatomic
1 -0.130500   3.39967   1.91652             0.850    -0.570     0.410         6
2  0.271000   3.56359   4.37960             0.860    -0.550     2.300        16
3 -0.507401   2.95992   3.67887             2.190    -1.140     2.670         8
4 -0.130500   3.39967   1.91652             1.020     1.250     2.410         6
5  0.082900   2.47135   0.27504            -0.100    -0.150     0.050         1
6  0.082900   2.47135   0.27504             0.950    -1.600     0.060         1
7  0.082900   2.47135   0.27504             1.680     0.030     0.040         1
8  0.082900   2.47135   0.27504             1.060     1.540     3.460         1
9  0.082900   2.47135   0.27504             0.160     1.710     1.920         1
10  0.082900   2.47135   0.27504             1.940     1.550     1.910         1
