mobley_4305650	-10.429817	-16.07808	#systeme  DGsolv_calc  DGsolv_expt (kJ/mol)
9
#    charge    sigma(Ang)  epsilon(kJ/mol)  x         y         z        Zatomic
1 -0.094500   3.39967   1.91652             0.640    -0.750     0.490         6
2 -0.022900   3.39967   1.91652             1.190    -0.180     1.760         6
3  0.209700   3.39967   3.67887             2.020    -1.250     2.330         6
4 -0.376000   3.25000   2.97813             2.690    -2.080     2.780         7
5  0.046500   2.64953   0.27504            -0.010    -0.030    -0.030         1
6  0.046500   2.64953   0.27504             1.470    -0.980    -0.200         1
7  0.046500   2.64953   0.27504             0.100    -1.680     0.660         1
8  0.072100   2.64953   0.27504             0.370     0.080     2.440         1
9  0.072100   2.64953   0.27504             1.780     0.710     1.550         1
