mobley_4883284	-23.208541	-22.98663	#systeme  DGsolv_calc  DGsolv_expt (kJ/mol)
14
#    charge    sigma(Ang)  epsilon(kJ/mol)  x         y         z        Zatomic
1 -0.172900   3.39967   1.50658             1.890    -1.040    -0.110         6
2 -0.093500   3.39967   1.50658             2.920    -1.630     0.610         6
3 -0.189800   3.39967   1.50658             2.880    -1.650     2.000         6
4  0.135600   3.39967   1.50658             1.800    -1.080     2.680         6
5 -0.189800   3.39967   1.50658             0.760    -0.480     1.960         6
6 -0.093500   3.39967   1.50658             0.810    -0.460     0.560         6
7 -0.817901   3.25000   2.97813             1.760    -1.100     4.090         7
8  0.129800   2.59964   0.26278             1.920    -1.020    -1.200         1
9  0.129300   2.59964   0.26278             3.760    -2.080     0.080         1
10  0.130400   2.59964   0.26278             3.690    -2.120     2.550         1
11  0.130400   2.59964   0.26278            -0.080    -0.040     2.470         1
12  0.129300   2.59964   0.26278             0.000    -0.000    -0.000         1
13  0.386300   1.06908   0.27504             1.000    -0.650     4.560         1
14  0.386300   1.06908   0.27504             2.530    -1.490     4.590         1
