mobley_7542832	-0.016748	-4.85692	#systeme  DGsolv_calc  DGsolv_expt (kJ/mol)
21
#    charge    sigma(Ang)  epsilon(kJ/mol)  x         y         z        Zatomic
1 -0.092800   3.39967   1.91652            -1.200    -0.890     2.880         6
2 -0.084800   3.39967   1.91652             0.110    -0.650     3.610         6
3  0.131100   3.39967   1.91652             1.280    -1.350     2.930         6
4 -0.424800   3.00001   2.97813             2.460    -1.090     3.660         8
5  0.131100   3.39967   1.91652             3.590    -1.720     3.070         6
6 -0.084800   3.39967   1.91652             4.820    -1.400     3.900         6
7 -0.092800   3.39967   1.91652             6.080    -2.040     3.320         6
8  0.034700   2.64953   0.27504            -2.030    -0.380     3.390         1
9  0.034700   2.64953   0.27504            -1.140    -0.500     1.860         1
10  0.034700   2.64953   0.27504            -1.430    -1.960     2.830         1
11  0.053400   2.64953   0.27504             0.030    -1.010     4.650         1
12  0.053400   2.64953   0.27504             0.310     0.420     3.680         1
13  0.024000   2.47135   0.27504             1.120    -2.430     2.890         1
14  0.024000   2.47135   0.27504             1.410    -0.980     1.910         1
15  0.024000   2.47135   0.27504             3.700    -1.340     2.050         1
16  0.024000   2.47135   0.27504             3.410    -2.800     3.030         1
17  0.053400   2.64953   0.27504             4.960    -0.310     3.960         1
18  0.053400   2.64953   0.27504             4.670    -1.740     4.930         1
19  0.034700   2.64953   0.27504             6.950    -1.800     3.930         1
20  0.034700   2.64953   0.27504             5.970    -3.130     3.290         1
21  0.034700   2.64953   0.27504             6.260    -1.690     2.300         1
