mobley_5056289	-8.307008	-13.8171	#systeme  DGsolv_calc  DGsolv_expt (kJ/mol)
16
#    charge    sigma(Ang)  epsilon(kJ/mol)  x         y         z        Zatomic
1 -0.095000   3.39967   1.91652             0.510    -4.010     1.190         6
2  0.136500   3.39967   1.91652             0.250    -2.660     0.530         6
3  0.037900   2.47135   0.27504            -0.810    -2.570     0.270         1
4 -0.108000   3.39967   1.91652             0.690    -1.480     1.390         6
5 -0.109800   3.39967   1.91652             0.950    -0.440     0.330         6
6  0.126100   3.39967   1.91652             1.560    -1.250    -0.780         6
7 -0.424500   3.00001   2.97813             1.000    -2.570    -0.690         8
8  0.044400   2.64953   0.27504             1.560    -4.120     1.450         1
9  0.044400   2.64953   0.27504            -0.090    -4.110     2.100         1
10  0.044400   2.64953   0.27504             0.240    -4.820     0.510         1
11  0.054000   2.64953   0.27504            -0.060    -1.190     2.120         1
12  0.054000   2.64953   0.27504             1.620    -1.710     1.920         1
13  0.052500   2.64953   0.27504            -0.000    -0.000    -0.000         1
14  0.052500   2.64953   0.27504             1.600     0.380     0.670         1
15  0.045300   2.47135   0.27504             1.360    -0.830    -1.770         1
16  0.045300   2.47135   0.27504             2.650    -1.350    -0.660         1
