mobley_6239320	-91.117494	-75.61722	#systeme  DGsolv_calc  DGsolv_expt (kJ/mol)
12
#    charge    sigma(Ang)  epsilon(kJ/mol)  x         y         z        Zatomic
1  0.821801   3.39967   1.50658            -0.660     1.160     0.510         6
2 -0.605201   2.95992   3.67887            -1.230     2.160     0.940         8
3 -0.591801   3.25000   2.97813            -0.480     0.010     1.260         7
4  0.821801   3.39967   1.50658             0.150    -1.160     0.830         6
5 -0.605201   2.95992   3.67887             0.280    -2.150     1.550         8
6 -0.591801   3.25000   2.97813             0.620    -1.100    -0.480         7
7  0.821801   3.39967   1.50658             0.510    -0.010    -1.340         6
8 -0.605201   2.95992   3.67887             0.950    -0.010    -2.490         8
9 -0.591801   3.25000   2.97813            -0.140     1.090    -0.780         7
10  0.375200   1.06908   0.27504            -0.850     0.010     2.210         1
11  0.375200   1.06908   0.27504             1.100    -1.920    -0.840         1
12  0.375200   1.06908   0.27504            -0.250     1.910    -1.370         1
