mobley_3515580	-19.871502	-24.87078	#systeme  DGsolv_calc  DGsolv_expt (kJ/mol)
17
#    charge    sigma(Ang)  epsilon(kJ/mol)  x         y         z        Zatomic
1  0.117900   3.39967   1.91652             3.070    -1.630    -2.080         6
2 -0.343000   3.00001   2.97813             1.940    -1.020    -1.470         8
3  0.035900   3.39967   1.50658             1.890    -1.040    -0.110         6
4 -0.161000   3.39967   1.50658             2.920    -1.630     0.610         6
5 -0.136200   3.39967   1.50658             2.880    -1.650     2.000         6
6 -0.124500   3.39967   1.50658             1.800    -1.080     2.680         6
7 -0.137200   3.39967   1.50658             0.760    -0.480     1.960         6
8  0.112600   3.39967   1.50658             0.810    -0.460     0.560         6
9 -0.496200   3.06647   3.68587            -0.210     0.120    -0.130         8
10  0.045500   2.47135   0.27504             3.000    -1.550    -3.160         1
11  0.045500   2.47135   0.27504             3.130    -2.680    -1.780         1
12  0.045500   2.47135   0.27504             3.980    -1.110    -1.740         1
13  0.137400   2.59964   0.26278             3.760    -2.080     0.090         1
14  0.134200   2.59964   0.26278             3.690    -2.110     2.560         1
15  0.135900   2.59964   0.26278             1.770    -1.100     3.760         1
16  0.151600   2.59964   0.26278            -0.070    -0.040     2.480         1
17  0.436100   0.00000   0.00000            -0.050     0.060    -1.080         1
