mobley_7455579	-14.478646	-9.29514	#systeme  DGsolv_calc  DGsolv_expt (kJ/mol)
17
#    charge    sigma(Ang)  epsilon(kJ/mol)  x         y         z        Zatomic
1 -0.091900   3.39967   1.91652             1.000    -0.360    -0.270         6
2 -0.070000   3.39967   1.91652             1.820     0.750    -0.940         6
3 -0.091900   3.39967   1.91652             1.160     1.180    -2.250         6
4  0.136700   3.39967   1.91652             2.000     1.950    -0.010         6
5 -0.448500   3.00001   2.97813             2.680     1.550     1.170         8
6  0.629201   3.39967   1.50658             2.900     2.530     2.090         6
7 -0.540801   2.95992   3.67887             2.580     3.710     2.000         8
8  0.038600   2.64953   0.27504             1.470    -0.670     0.660         1
9  0.038600   2.64953   0.27504             0.910    -1.240    -0.920         1
10  0.038600   2.64953   0.27504            -0.010    -0.010    -0.040         1
11  0.061200   2.64953   0.27504             2.810     0.330    -1.170         1
12  0.038600   2.64953   0.27504             1.740     1.970    -2.740         1
13  0.038600   2.64953   0.27504             0.150     1.570    -2.070         1
14  0.038600   2.64953   0.27504             1.070     0.340    -2.950         1
15  0.052500   2.47135   0.27504             2.600     2.730    -0.500         1
16  0.052500   2.47135   0.27504             1.030     2.380     0.270         1
17  0.079400   2.42146   0.26278             3.420     2.100     2.950         1
