mobley_9015240	5.660824	2.17724	#systeme  DGsolv_calc  DGsolv_expt (kJ/mol)
26
#    charge    sigma(Ang)  epsilon(kJ/mol)  x         y         z        Zatomic
1 -0.092400   3.39967   1.91652             4.390     1.350    -1.150         6
2 -0.079300   3.39967   1.91652             2.960     1.220    -1.650         6
3 -0.079200   3.39967   1.91652             2.080     0.500    -0.620         6
4 -0.078200   3.39967   1.91652             0.620     0.340    -1.070         6
5 -0.078600   3.39967   1.91652            -0.260    -0.370    -0.040         6
6 -0.081200   3.39967   1.91652            -1.700    -0.500    -0.540         6
7 -0.081300   3.39967   1.91652            -2.580    -1.210     0.490         6
8 -0.010000   3.39967   1.91652            -4.010    -1.340    -0.010         6
9 -0.177700   3.59923   7.35773            -5.100    -2.250     1.320        40
10  0.033300   2.64953   0.27504             5.010     1.860    -1.900         1
11  0.033300   2.64953   0.27504             4.420     1.930    -0.230         1
12  0.033300   2.64953   0.27504             4.830     0.370    -0.950         1
13  0.038300   2.64953   0.27504             2.950     0.660    -2.590         1
14  0.038300   2.64953   0.27504             2.570     2.220    -1.860         1
15  0.039300   2.64953   0.27504             2.490    -0.500    -0.430         1
16  0.039300   2.64953   0.27504             2.110     1.040     0.340         1
17  0.039900   2.64953   0.27504             0.200     1.330    -1.300         1
18  0.039900   2.64953   0.27504             0.620    -0.230    -2.000         1
19  0.041900   2.64953   0.27504            -0.260     0.190     0.910         1
20  0.041900   2.64953   0.27504             0.150    -1.370     0.170         1
21  0.041700   2.64953   0.27504            -2.110     0.490    -0.750         1
22  0.041700   2.64953   0.27504            -1.710    -1.060    -1.480         1
23  0.056500   2.64953   0.27504            -2.560    -0.660     1.430         1
24  0.056500   2.64953   0.27504            -2.170    -2.210     0.700         1
25  0.071400   2.47135   0.27504            -4.470    -0.370    -0.180         1
26  0.071400   2.47135   0.27504            -4.070    -1.940    -0.930         1
