mobley_1178614	-13.888279	-19.05085	#systeme  DGsolv_calc  DGsolv_expt (kJ/mol)
13
#    charge    sigma(Ang)  epsilon(kJ/mol)  x         y         z        Zatomic
1 -0.093600   3.39967   1.50658             1.890    -1.040    -0.110         6
2 -0.159200   3.39967   1.50658             2.920    -1.630     0.610         6
3 -0.085000   3.39967   1.50658             2.880    -1.650     2.000         6
4 -0.070900   3.39967   1.50658             1.800    -1.080     2.680         6
5  0.137100   3.39967   1.50658             0.760    -0.480     1.960         6
6 -0.151800   3.39967   1.50658             0.810    -0.460     0.560         6
7 -0.492100   3.06647   3.68587            -0.300     0.080     2.590         8
8 -0.096400   3.47094   4.64238             1.770    -1.120     4.400        18
9  0.139500   2.59964   0.26278             1.920    -1.020    -1.200         1
10  0.138800   2.59964   0.26278             3.760    -2.080     0.080         1
11  0.148100   2.59964   0.26278             3.690    -2.120     2.550         1
12  0.155200   2.59964   0.26278             0.000    -0.000    -0.010         1
13  0.430300   0.00000   0.00000            -0.210    -0.000     3.550         1
