mobley_1896013	-59.237676	-85.91724	#systeme  DGsolv_calc  DGsolv_expt (kJ/mol)
20
#    charge    sigma(Ang)  epsilon(kJ/mol)  x         y         z        Zatomic
1  0.128800   3.39967   1.91652             0.350    -0.720    -0.750         6
2  0.121200   3.39967   1.91652             0.360    -2.120    -0.150         6
3  0.059400   2.47135   0.27504             0.920    -2.120     0.790         1
4  0.109600   3.39967   1.91652             0.980    -3.130    -1.120         6
5  0.079000   2.47135   0.27504             0.300    -3.360    -1.940         1
6  0.095900   3.39967   1.91652             2.320    -2.610    -1.640         6
7  0.061800   2.47135   0.27504             3.050    -2.640    -0.820         1
8  0.299100   3.39967   1.91652             2.210    -1.180    -2.170         6
9  0.069000   2.29317   0.27504             3.240    -0.800    -2.380         1
10 -0.439900   3.00001   2.97813             1.660    -0.320    -1.160         8
11 -0.614101   3.06647   3.68587             1.490    -1.100    -3.400         8
12 -0.590001   3.06647   3.68587             2.810    -3.450    -2.680         8
13 -0.609001   3.06647   3.68587             1.220    -4.360    -0.430         8
14 -0.596301   3.06647   3.68587            -0.990    -2.490     0.140         8
15  0.071300   2.47135   0.27504             0.000    -0.000     0.000         1
16  0.071300   2.47135   0.27504            -0.350    -0.640    -1.590         1
17  0.420900   0.00000   0.00000             1.470    -0.160    -3.650         1
18  0.413400   0.00000   0.00000             3.650    -3.080    -2.960         1
19  0.425500   0.00000   0.00000             1.610    -4.960    -1.080         1
20  0.423100   0.00000   0.00000            -0.950    -3.380     0.520         1
