mobley_7599023	-3.965089	-6.11302	#systeme  DGsolv_calc  DGsolv_expt (kJ/mol)
12
#    charge    sigma(Ang)  epsilon(kJ/mol)  x         y         z        Zatomic
1 -0.117300   3.39967   1.50658             1.890    -1.040    -0.110         6
2 -0.130300   3.39967   1.50658             2.920    -1.630     0.610         6
3 -0.103500   3.39967   1.50658             2.880    -1.650     2.000         6
4 -0.026100   3.39967   1.50658             1.800    -1.080     2.680         6
5 -0.103500   3.39967   1.50658             0.760    -0.480     1.960         6
6 -0.130300   3.39967   1.50658             0.810    -0.460     0.560         6
7 -0.091100   3.59923   7.35773             1.740    -1.110     4.560        40
8  0.135300   2.59964   0.26278             1.920    -1.020    -1.200         1
9  0.137400   2.59964   0.26278             3.760    -2.080     0.080         1
10  0.146000   2.59964   0.26278             3.690    -2.120     2.550         1
11  0.146000   2.59964   0.26278            -0.080    -0.030     2.460         1
12  0.137400   2.59964   0.26278             0.000     0.000    -0.000         1
