mobley_1722522	-14.156247	-10.42563	#systeme  DGsolv_calc  DGsolv_expt (kJ/mol)
20
#    charge    sigma(Ang)  epsilon(kJ/mol)  x         y         z        Zatomic
1 -0.100000   3.39967   1.91652            -0.380    -0.700     0.750         6
2 -0.075600   3.39967   1.91652             0.410    -0.580     2.050         6
3 -0.126300   3.39967   1.91652             1.890    -0.890     1.840         6
4  0.632501   3.39967   1.50658             2.680    -0.770     3.120         6
5 -0.543601   2.95992   3.67887             2.210    -0.470     4.210         8
6 -0.445400   3.00001   2.97813             3.990    -1.060     2.870         8
7  0.138200   3.39967   1.91652             4.870    -1.000     3.990         6
8 -0.100300   3.39967   1.91652             6.260    -1.340     3.530         6
9  0.039100   2.64953   0.27504            -1.440    -0.470     0.930         1
10  0.039100   2.64953   0.27504            -0.000     0.000     0.000         1
11  0.039100   2.64953   0.27504            -0.310    -1.710     0.350         1
12  0.053700   2.64953   0.27504            -0.020    -1.270     2.790         1
13  0.053700   2.64953   0.27504             0.290     0.440     2.450         1
14  0.076000   2.64953   0.27504             2.310    -0.190     1.110         1
15  0.076000   2.64953   0.27504             2.000    -1.910     1.460         1
16  0.050800   2.47135   0.27504             4.830     0.020     4.400         1
17  0.050800   2.47135   0.27504             4.510    -1.700     4.740         1
18  0.047400   2.64953   0.27504             6.960    -1.300     4.370         1
19  0.047400   2.64953   0.27504             6.290    -2.350     3.100         1
20  0.047400   2.64953   0.27504             6.600    -0.650     2.760         1
