mobley_6201330	-37.452715	-39.23219	#systeme  DGsolv_calc  DGsolv_expt (kJ/mol)
25
#    charge    sigma(Ang)  epsilon(kJ/mol)  x         y         z        Zatomic
1 -0.091900   3.39967   1.91652             0.130    -0.880     0.740         6
2 -0.106500   3.39967   1.91652             1.370    -0.650     1.580         6
3  0.133600   3.39967   1.91652             1.280    -1.350     2.930         6
4 -0.433000   3.00001   2.97813             2.460    -1.090     3.660         8
5  0.650101   3.39967   1.50658             2.540    -1.650     4.900         6
6 -0.534701   2.95992   3.67887             1.680    -2.350     5.420         8
7 -0.156500   3.39967   1.50658             3.820    -1.310     5.560         6
8 -0.046100   3.39967   1.50658             4.090    -1.780     6.840         6
9 -0.194400   3.39967   1.50658             5.300    -1.460     7.470         6
10  0.148300   3.39967   1.50658             6.230    -0.660     6.800         6
11 -0.194400   3.39967   1.50658             5.960    -0.180     5.520         6
12 -0.046100   3.39967   1.50658             4.750    -0.500     4.900         6
13 -0.492300   3.06647   3.68587             7.410    -0.340     7.410         8
14  0.036900   2.64953   0.27504             0.210    -0.370    -0.230         1
15  0.036900   2.64953   0.27504            -0.010    -1.950     0.550         1
16  0.036900   2.64953   0.27504            -0.770    -0.510     1.250         1
17  0.052500   2.64953   0.27504             1.520     0.430     1.730         1
18  0.052500   2.64953   0.27504             2.260    -1.000     1.040         1
19  0.064000   2.47135   0.27504             0.420    -0.980     3.500         1
20  0.064000   2.47135   0.27504             1.170    -2.430     2.800         1
21  0.149300   2.59964   0.26278             3.380    -2.410     7.370         1
22  0.149100   2.59964   0.26278             5.510    -1.830     8.460         1
23  0.149100   2.59964   0.26278             6.680     0.450     5.000         1
24  0.149300   2.59964   0.26278             4.550    -0.130     3.900         1
25  0.423400   0.00000   0.00000             7.450    -0.740     8.290         1
