mobley_9979854	-14.595882	-17.5854	#systeme  DGsolv_calc  DGsolv_expt (kJ/mol)
12
#    charge    sigma(Ang)  epsilon(kJ/mol)  x         y         z        Zatomic
1 -0.139900   3.39967   1.91652            -0.780     0.590     0.840         6
2  0.110700   3.39967   1.91652            -0.240    -0.180    -0.360         6
3  0.070600   2.47135   0.27504            -0.930    -0.990    -0.620         1
4  0.634001   3.39967   1.91652             1.140    -0.750    -0.090         6
5 -0.232600   3.11815   1.06862             1.110    -1.600     0.960        10
6 -0.232600   3.11815   1.06862             1.590    -1.440    -1.160        10
7 -0.232600   3.11815   1.06862             2.040     0.220     0.180        10
8 -0.583401   3.06647   3.68587            -0.140     0.700    -1.480         8
9  0.062400   2.64953   0.27504            -0.100     1.410     1.110         1
10  0.062400   2.64953   0.27504            -0.910    -0.060     1.700         1
11  0.062400   2.64953   0.27504            -1.740     1.050     0.590         1
12  0.418600   0.00000   0.00000            -1.040     1.020    -1.650         1
