mobley_7608462	-1.988825	-4.68944	#systeme  DGsolv_calc  DGsolv_expt (kJ/mol)
12
#    charge    sigma(Ang)  epsilon(kJ/mol)  x         y         z        Zatomic
1 -0.129400   3.39967   1.50658             1.890    -1.040    -0.110         6
2 -0.121800   3.39967   1.50658             2.920    -1.630     0.610         6
3 -0.124500   3.39967   1.50658             2.880    -1.650     2.000         6
4  0.017700   3.39967   1.50658             1.800    -1.080     2.680         6
5 -0.124500   3.39967   1.50658             0.760    -0.480     1.960         6
6 -0.121800   3.39967   1.50658             0.810    -0.460     0.560         6
7 -0.097300   3.47094   4.64238             1.750    -1.100     4.400        18
8  0.135300   2.59964   0.26278             1.920    -1.020    -1.200         1
9  0.136700   2.59964   0.26278             3.760    -2.080     0.080         1
10  0.146450   2.59964   0.26278             3.690    -2.120     2.550         1
11  0.146450   2.59964   0.26278            -0.080    -0.030     2.470         1
12  0.136700   2.59964   0.26278             0.000    -0.000    -0.000         1
