mobley_2661134	-32.403193	-40.40455	#systeme  DGsolv_calc  DGsolv_expt (kJ/mol)
14
#    charge    sigma(Ang)  epsilon(kJ/mol)  x         y         z        Zatomic
1 -0.096100   3.39967   1.50658             1.890    -1.040    -0.110         6
2 -0.127900   3.39967   1.50658             2.920    -1.630     0.610         6
3  0.016900   3.39967   1.50658             2.880    -1.650     2.000         6
4 -0.120100   3.39967   1.50658             1.800    -1.080     2.680         6
5  0.121500   3.39967   1.50658             0.760    -0.480     1.960         6
6 -0.192700   3.39967   1.50658             0.810    -0.460     0.560         6
7 -0.492500   3.06647   3.68587            -0.290     0.080     2.610         8
8  0.232000   3.39967   3.67887             3.940    -2.260     2.740         6
9 -0.357200   3.25000   2.97813             4.800    -2.760     3.340         7
10  0.141100   2.59964   0.26278             1.920    -1.020    -1.200         1
11  0.148300   2.59964   0.26278             3.760    -2.070     0.070         1
12  0.163800   2.59964   0.26278             1.760    -1.090     3.760         1
13  0.140000   2.59964   0.26278             0.000    -0.000    -0.010         1
14  0.422900   0.00000   0.00000            -0.920     0.450     1.980         1
