mobley_3976574	-9.67197	-17.37605	#systeme  DGsolv_calc  DGsolv_expt (kJ/mol)
22
#    charge    sigma(Ang)  epsilon(kJ/mol)  x         y         z        Zatomic
1 -0.118600   3.39967   1.50658            -1.000    -0.260     0.330         6
2 -0.103200   3.39967   1.50658            -1.440    -1.580     0.270         6
3  0.058300   3.39967   1.50658            -2.730    -1.910     0.690         6
4  0.068800   3.39967   1.50658            -3.580    -0.910     1.160         6
5 -0.107200   3.39967   1.50658            -3.150     0.420     1.220         6
6  0.020300   3.39967   1.50658            -1.860     0.740     0.800         6
7 -0.073700   3.47094   4.64238            -1.320     2.370     0.870        18
8 -0.202500   3.00001   2.97813            -4.860    -1.180     1.590         8
9  0.082100   3.39967   1.50658            -5.240    -2.500     1.510         6
10  0.084200   3.39967   1.50658            -4.390    -3.490     1.040         6
11  0.027300   3.39967   1.50658            -4.820    -4.820     0.980         6
12  0.021600   3.39967   1.50658            -6.110    -5.140     1.400         6
13  0.020700   3.39967   1.50658            -6.960    -4.150     1.880         6
14  0.028600   3.39967   1.50658            -6.530    -2.820     1.930         6
15 -0.020400   3.47094   4.64238            -7.560    -1.550     2.520        18
16 -0.030300   3.47094   4.64238            -8.570    -4.550     2.400        18
17 -0.029300   3.47094   4.64238            -6.650    -6.800     1.330        18
18 -0.021200   3.47094   4.64238            -3.730    -6.030     0.390        18
19 -0.202000   3.00001   2.97813            -3.110    -3.220     0.620         8
20  0.158500   2.59964   0.26278             0.000    -0.020    -0.000         1
21  0.164200   2.59964   0.26278            -0.770    -2.350    -0.100         1
22  0.173800   2.59964   0.26278            -3.820     1.190     1.590         1
