mobley_1881249	-13.256042	-14.73824	#systeme  DGsolv_calc  DGsolv_expt (kJ/mol)
16
#    charge    sigma(Ang)  epsilon(kJ/mol)  x         y         z        Zatomic
1 -0.093100   3.39967   1.91652             1.890    -0.610    -4.860         6
2 -0.076100   3.39967   1.91652             1.040     0.380    -4.090         6
3 -0.179400   3.39967   1.91652             1.150     0.160    -2.580         6
4  0.562101   3.39967   1.50658             0.300     1.140    -1.780         6
5 -0.534101   2.95992   3.67887            -0.390     2.010    -2.310         8
6 -0.203300   3.39967   1.91652             0.350     0.990    -0.280         6
7  0.034000   2.64953   0.27504             1.810    -0.440    -5.940         1
8  0.034000   2.64953   0.27504             1.590    -1.640    -4.640         1
9  0.034000   2.64953   0.27504             2.940    -0.500    -4.580         1
10  0.053500   2.64953   0.27504            -0.010     0.280    -4.400         1
11  0.053500   2.64953   0.27504             1.350     1.400    -4.340         1
12  0.063100   2.64953   0.27504             0.820    -0.850    -2.330         1
13  0.063100   2.64953   0.27504             2.190     0.280    -2.260         1
14  0.062900   2.64953   0.27504             1.160     1.610     0.120         1
15  0.062900   2.64953   0.27504             0.510    -0.060    -0.030         1
16  0.062900   2.64953   0.27504            -0.600     1.320     0.150         1
