mobley_4338603	-63.340936	-66.28021	#systeme  DGsolv_calc  DGsolv_expt (kJ/mol)
12
#    charge    sigma(Ang)  epsilon(kJ/mol)  x         y         z        Zatomic
1 -0.300000   3.39967   1.50658            -0.720     0.680     1.000         6
2  0.714001   3.39967   1.50658            -0.730    -0.800     1.000         6
3 -0.596101   2.95992   3.67887            -1.350    -1.420     1.860         8
4 -0.585101   3.25000   2.97813             0.010    -1.400    -0.010         7
5  0.813001   3.39967   1.50658             0.730    -0.730    -1.010         6
6 -0.625501   2.95992   3.67887             1.370    -1.320    -1.880         8
7 -0.476900   3.25000   2.97813             0.670     0.660    -0.930         7
8  0.189400   3.39967   1.50658            -0.030     1.310     0.040         6
9 -0.047500   3.47094   4.64238             0.050     3.020    -0.080        18
10  0.193100   2.59964   0.26278            -1.280     1.200     1.760         1
11  0.358500   1.06908   0.27504             0.030    -2.410    -0.030         1
12  0.363100   1.06908   0.27504             1.170     1.200    -1.620         1
