mobley_2279874	-19.364875	-18.50654	#systeme  DGsolv_calc  DGsolv_expt (kJ/mol)
17
#    charge    sigma(Ang)  epsilon(kJ/mol)  x         y         z        Zatomic
1  0.123900   3.39967   1.91652            -0.640     0.320    -0.830         6
2 -0.438300   3.00001   2.97813             0.020     0.000    -2.050         8
3  0.499600   3.39967   1.91652            -0.690     0.480    -3.200         6
4 -0.438300   3.00001   2.97813            -0.280    -0.220    -4.390         8
5  0.123900   3.39967   1.91652            -0.910    -1.490    -4.510         6
6 -0.438300   3.00001   2.97813            -0.570     1.900    -3.380         8
7  0.123900   3.39967   1.91652             0.780     2.330    -3.540         6
8  0.040100   2.47135   0.27504            -0.060    -0.060     0.010         1
9  0.040100   2.47135   0.27504            -1.640    -0.130    -0.830         1
10  0.040100   2.47135   0.27504            -0.730     1.410    -0.750         1
11  0.082700   2.11499   0.27504            -1.760     0.290    -3.060         1
12  0.040100   2.47135   0.27504            -0.570    -1.970    -5.430         1
13  0.040100   2.47135   0.27504            -1.990    -1.360    -4.530         1
14  0.040100   2.47135   0.27504            -0.630    -2.100    -3.650         1
15  0.040100   2.47135   0.27504             0.790     3.420    -3.670         1
16  0.040100   2.47135   0.27504             1.210     1.840    -4.420         1
17  0.040100   2.47135   0.27504             1.340     2.060    -2.650         1
