mobley_2295058	-40.969795	-39.81837	#systeme  DGsolv_calc  DGsolv_expt (kJ/mol)
19
#    charge    sigma(Ang)  epsilon(kJ/mol)  x         y         z        Zatomic
1  0.126200   3.39967   1.91652             0.580    -1.010    -3.510         6
2 -0.440100   3.00001   2.97813             0.670    -1.030    -2.080         8
3  0.650801   3.39967   1.50658             1.930    -1.010    -1.570         6
4 -0.539101   2.95992   3.67887             2.970    -0.990    -2.200         8
5 -0.170400   3.39967   1.50658             1.890    -1.040    -0.110         6
6 -0.036200   3.39967   1.50658             2.920    -1.630     0.610         6
7 -0.202000   3.39967   1.50658             2.880    -1.650     2.000         6
8  0.155900   3.39967   1.50658             1.800    -1.080     2.680         6
9 -0.202000   3.39967   1.50658             0.760    -0.480     1.960         6
10 -0.036200   3.39967   1.50658             0.810    -0.460     0.560         6
11 -0.491100   3.06647   3.68587             1.760    -1.100     4.040         8
12  0.049900   2.47135   0.27504            -0.470    -1.030    -3.810         1
13  0.049900   2.47135   0.27504             1.110    -1.880    -3.920         1
14  0.049900   2.47135   0.27504             1.050    -0.100    -3.880         1
15  0.155600   2.59964   0.26278             3.770    -2.080     0.090         1
16  0.149500   2.59964   0.26278             3.690    -2.120     2.560         1
17  0.149500   2.59964   0.26278            -0.080    -0.040     2.470         1
18  0.155600   2.59964   0.26278            -0.010     0.000     0.010         1
19  0.424300   0.00000   0.00000             2.540    -1.540     4.390         1
