mobley_3980099	-2.13537	-5.19188	#systeme  DGsolv_calc  DGsolv_expt (kJ/mol)
12
#    charge    sigma(Ang)  epsilon(kJ/mol)  x         y         z        Zatomic
1 -0.113600   3.39967   1.50658             1.890    -1.040    -0.110         6
2 -0.118000   3.39967   1.50658             2.920    -1.630     0.610         6
3  0.023600   3.39967   1.50658             2.880    -1.650     2.000         6
4  0.016700   3.39967   1.50658             1.800    -1.080     2.680         6
5  0.023600   3.39967   1.50658             0.760    -0.480     1.960         6
6 -0.118000   3.39967   1.50658             0.810    -0.460     0.560         6
7 -0.062700   3.47094   4.64238            -0.610     0.250     2.720        18
8 -0.044700   3.47094   4.64238             1.750    -1.110     4.410        18
9 -0.062700   3.47094   4.64238             4.200    -2.410     2.830        18
10  0.146600   2.59964   0.26278             1.920    -1.020    -1.200         1
11  0.154600   2.59964   0.26278             3.750    -2.070     0.070         1
12  0.154600   2.59964   0.26278             0.010    -0.000    -0.020         1
