mobley_5390332	-14.872224	-11.84921	#systeme  DGsolv_calc  DGsolv_expt (kJ/mol)
17
#    charge    sigma(Ang)  epsilon(kJ/mol)  x         y         z        Zatomic
1 -0.093900   3.39967   1.91652            -0.380    -0.700     0.750         6
2 -0.079500   3.39967   1.91652             0.410    -0.580     2.050         6
3 -0.128200   3.39967   1.91652             1.890    -0.890     1.840         6
4  0.629601   3.39967   1.50658             2.680    -0.770     3.120         6
5 -0.537401   2.95992   3.67887             2.210    -0.470     4.210         8
6 -0.448200   3.00001   2.97813             3.990    -1.060     2.870         8
7  0.126900   3.39967   1.91652             4.870    -1.000     3.990         6
8  0.036800   2.64953   0.27504            -1.440    -0.470     0.930         1
9  0.036800   2.64953   0.27504            -0.000     0.000     0.000         1
10  0.036800   2.64953   0.27504            -0.310    -1.710     0.350         1
11  0.056400   2.64953   0.27504            -0.020    -1.270     2.790         1
12  0.056400   2.64953   0.27504             0.290     0.440     2.450         1
13  0.078900   2.64953   0.27504             2.310    -0.190     1.110         1
14  0.078900   2.64953   0.27504             2.000    -1.910     1.460         1
15  0.049900   2.47135   0.27504             5.870    -1.240     3.660         1
16  0.049900   2.47135   0.27504             4.520    -1.700     4.750         1
17  0.049900   2.47135   0.27504             4.840     0.020     4.380         1
