mobley_2681549	1.364962	-3.26586	#systeme  DGsolv_calc  DGsolv_expt (kJ/mol)
12
#    charge    sigma(Ang)  epsilon(kJ/mol)  x         y         z        Zatomic
1 -0.122300   3.39967   1.50658             1.890    -1.040    -0.110         6
2  0.031500   3.39967   1.50658             2.920    -1.630     0.610         6
3 -0.122200   3.39967   1.50658             2.880    -1.650     2.000         6
4  0.031500   3.39967   1.50658             1.800    -1.080     2.680         6
5 -0.122200   3.39967   1.50658             0.760    -0.480     1.960         6
6  0.031500   3.39967   1.50658             0.810    -0.460     0.560         6
7 -0.074100   3.47094   4.64238            -0.470     0.270    -0.330        18
8 -0.074100   3.47094   4.64238             1.750    -1.110     4.400        18
9 -0.074100   3.47094   4.64238             4.250    -2.340    -0.220        18
10  0.164833   2.59964   0.26278             1.920    -1.020    -1.200         1
11  0.164833   2.59964   0.26278             3.690    -2.120     2.560         1
12  0.164833   2.59964   0.26278            -0.080    -0.040     2.480         1
