mobley_2845466	-10.63498	-14.11019	#systeme  DGsolv_calc  DGsolv_expt (kJ/mol)
22
#    charge    sigma(Ang)  epsilon(kJ/mol)  x         y         z        Zatomic
1 -0.106400   3.39967   1.50658            -1.440    -1.580     0.270         6
2  0.070900   3.39967   1.50658            -2.730    -1.910     0.690         6
3  0.070900   3.39967   1.50658            -3.580    -0.910     1.160         6
4 -0.106300   3.39967   1.50658            -3.150     0.420     1.220         6
5  0.020100   3.39967   1.50658            -1.860     0.740     0.800         6
6  0.020100   3.39967   1.50658            -1.000    -0.260     0.330         6
7 -0.053000   3.47094   4.64238             0.600     0.090    -0.210        18
8 -0.053000   3.47094   4.64238            -1.380     2.400     0.890        18
9 -0.212950   3.00001   2.97813            -4.860    -1.180     1.590         8
10  0.070900   3.39967   1.50658            -5.240    -2.500     1.510         6
11 -0.106300   3.39967   1.50658            -6.530    -2.820     1.930         6
12  0.020100   3.39967   1.50658            -6.960    -4.150     1.880         6
13  0.020100   3.39967   1.50658            -6.110    -5.140     1.400         6
14 -0.106300   3.39967   1.50658            -4.820    -4.820     0.980         6
15  0.070900   3.39967   1.50658            -4.390    -3.490     1.040         6
16 -0.212950   3.00001   2.97813            -3.110    -3.220     0.620         8
17 -0.053000   3.47094   4.64238            -6.590    -6.800     1.310        18
18 -0.053000   3.47094   4.64238            -8.570    -4.490     2.410        18
19  0.174800   2.59964   0.26278            -0.780    -2.370    -0.100         1
20  0.174800   2.59964   0.26278            -3.820     1.180     1.590         1
21  0.174800   2.59964   0.26278            -7.190    -2.040     2.300         1
22  0.174800   2.59964   0.26278            -4.140    -5.590     0.610         1
