mobley_3274817	-22.517686	-26.08501	#systeme  DGsolv_calc  DGsolv_expt (kJ/mol)
29
#    charge    sigma(Ang)  epsilon(kJ/mol)  x         y         z        Zatomic
1 -0.095800   3.39967   1.91652            -0.170     3.060     2.400         6
2 -0.074700   3.39967   1.91652             0.030     1.610     1.980         6
3 -0.024500   3.39967   1.91652            -0.990     0.650     2.620         6
4  0.080300   2.64953   0.27504            -1.990     0.970     2.290         1
5 -0.093500   3.39967   1.91652            -0.790    -0.780     2.080         6
6 -0.092900   3.39967   1.50658            -0.940     0.640     4.130         6
7 -0.018400   3.39967   1.50658             0.240     0.280     4.780         6
8 -0.210500   3.39967   1.50658             0.300     0.270     6.170         6
9  0.003600   3.39967   1.50658            -0.820     0.630     6.920         6
10 -0.253500   3.39967   1.50658            -2.010     0.990     6.280         6
11  0.220100   3.39967   1.50658            -2.070     1.000     4.880         6
12 -0.467500   3.06647   3.68587            -3.220     1.350     4.240         8
13  0.302600   3.25000   2.97813            -3.140     1.350     7.060         7
14 -0.178700   2.95992   3.67887            -3.950     0.450     7.400         8
15 -0.178700   2.95992   3.67887            -3.300     2.550     7.380         8
16  0.322000   3.25000   2.97813             1.500    -0.100     6.830         7
17 -0.199400   2.95992   3.67887             1.530    -0.100     8.080         8
18 -0.199400   2.95992   3.67887             2.500    -0.420     6.140         8
19  0.038200   2.64953   0.27504             0.580     3.700     1.920         1
20  0.038200   2.64953   0.27504            -1.160     3.430     2.100         1
21  0.038200   2.64953   0.27504            -0.070     3.170     3.480         1
22  0.046200   2.64953   0.27504             0.010     1.540     0.890         1
23  0.046200   2.64953   0.27504             1.040     1.310     2.280         1
24  0.042800   2.64953   0.27504            -1.500    -1.480     2.510         1
25  0.042800   2.64953   0.27504            -0.920    -0.800     0.990         1
26  0.042800   2.64953   0.27504             0.220    -1.140     2.300         1
27  0.185800   2.59964   0.26278             1.110     0.000     4.190         1
28  0.193300   2.59964   0.26278            -0.780     0.620     8.010         1
29  0.444400   0.00000   0.00000            -3.900     1.570     4.890         1
