mobley_4059279	-32.968438	-31.73746	#systeme  DGsolv_calc  DGsolv_expt (kJ/mol)
22
#    charge    sigma(Ang)  epsilon(kJ/mol)  x         y         z        Zatomic
1  0.152800   3.39967   1.91652             1.830     0.000     1.940         6
2 -0.724401   3.25000   2.97813             1.610    -1.010     0.910         7
3  0.162800   3.39967   1.91652             2.880    -1.660     0.540         6
4  0.162800   3.39967   1.91652             2.650    -2.720    -0.550         6
5 -0.724401   3.25000   2.97813             2.010    -2.130    -1.730         7
6  0.162800   3.39967   1.91652             0.750    -1.480    -1.360         6
7  0.162800   3.39967   1.91652             0.970    -0.420    -0.280         6
8  0.152800   3.39967   1.91652             1.790    -3.140    -2.760         6
9  0.032000   2.47135   0.27504             2.310    -0.450     2.810         1
10  0.032000   2.47135   0.27504             0.880     0.440     2.240         1
11  0.032000   2.47135   0.27504             2.480     0.800     1.550         1
12  0.037500   2.47135   0.27504             3.610    -0.920     0.180         1
13  0.037500   2.47135   0.27504             3.310    -2.150     1.410         1
14  0.037500   2.47135   0.27504             3.620    -3.150    -0.830         1
15  0.037500   2.47135   0.27504             2.040    -3.540    -0.140         1
16  0.037500   2.47135   0.27504             0.310    -0.990    -2.240         1
17  0.037500   2.47135   0.27504             0.020    -2.220    -1.010         1
18  0.037500   2.47135   0.27504             1.580     0.400    -0.680         1
19  0.037500   2.47135   0.27504             0.000     0.000    -0.000         1
20  0.032000   2.47135   0.27504             1.320    -2.670    -3.620         1
21  0.032000   2.47135   0.27504             1.150    -3.920    -2.370         1
22  0.032000   2.47135   0.27504             2.750    -3.570    -3.050         1
