mobley_6981465	-14.114377	-11.05368	#systeme  DGsolv_calc  DGsolv_expt (kJ/mol)
17
#    charge    sigma(Ang)  epsilon(kJ/mol)  x         y         z        Zatomic
1 -0.106200   3.39967   1.91652             1.080     0.050     0.200         6
2  0.138200   3.39967   1.91652             1.350     0.920     1.410         6
3 -0.106200   3.39967   1.91652             2.840     1.040     1.700         6
4 -0.438900   3.00001   2.97813             0.810     2.220     1.190         8
5  0.633401   3.39967   1.50658             0.380     2.870     2.310         6
6 -0.543601   2.95992   3.67887             0.410     2.450     3.460         8
7 -0.151000   3.39967   1.91652            -0.160     4.220     1.930         6
8  0.046200   2.64953   0.27504             0.000    -0.030     0.000         1
9  0.046200   2.64953   0.27504             1.560     0.470    -0.690         1
10  0.046200   2.64953   0.27504             1.480    -0.960     0.330         1
11  0.069400   2.47135   0.27504             0.850     0.500     2.290         1
12  0.046200   2.64953   0.27504             3.030     1.670     2.580         1
13  0.046200   2.64953   0.27504             3.360     1.480     0.840         1
14  0.046200   2.64953   0.27504             3.290     0.050     1.870         1
15  0.075900   2.64953   0.27504            -1.230     4.140     1.710         1
16  0.075900   2.64953   0.27504             0.380     4.610     1.060         1
17  0.075900   2.64953   0.27504            -0.030     4.910     2.760         1
