mobley_3777264	-34.350148	-37.01308	#systeme  DGsolv_calc  DGsolv_expt (kJ/mol)
16
#    charge    sigma(Ang)  epsilon(kJ/mol)  x         y         z        Zatomic
1 -0.100800   3.39967   1.50658             1.890    -1.040    -0.110         6
2 -0.156900   3.39967   1.50658             2.920    -1.630     0.610         6
3  0.141000   3.39967   1.50658             2.880    -1.650     2.000         6
4 -0.141200   3.39967   1.50658             1.800    -1.080     2.680         6
5 -0.133400   3.39967   1.50658             0.760    -0.480     1.960         6
6 -0.113400   3.39967   1.50658             0.810    -0.460     0.560         6
7  0.309600   3.25000   2.97813            -0.330     0.100     2.640         7
8 -0.208800   2.95992   3.67887            -1.260     0.630     1.970         8
9 -0.208800   2.95992   3.67887            -0.350     0.070     3.890         8
10 -0.817801   3.25000   2.97813             3.930    -2.250     2.730         7
11  0.146800   2.59964   0.26278             1.920    -1.020    -1.200         1
12  0.141700   2.59964   0.26278             3.760    -2.080     0.070         1
13  0.170900   2.59964   0.26278             1.770    -1.100     3.760         1
14  0.171300   2.59964   0.26278             0.010    -0.000    -0.010         1
15  0.399900   1.06908   0.27504             3.910    -2.220     3.730         1
16  0.399900   1.06908   0.27504             4.720    -2.620     2.240         1
