mobley_9571888	-40.969795	-17.71101	#systeme  DGsolv_calc  DGsolv_expt (kJ/mol)
25
#    charge    sigma(Ang)  epsilon(kJ/mol)  x         y         z        Zatomic
1  0.162000   3.39967   1.91652             1.290     0.640     1.540         6
2 -0.101200   3.39967   1.91652             0.400     0.960     0.340         6
3  0.111100   2.64953   0.27504             0.210     2.050     0.380         1
4 -0.101200   3.39967   1.91652            -1.020     0.260     0.300         6
5  0.111100   2.64953   0.27504            -1.770     1.060     0.320         1
6  0.162000   3.39967   1.91652            -1.360    -0.680     1.460         6
7 -0.396600   3.00001   2.97813            -1.480     0.070     2.670         8
8  0.792301   3.56359   4.37960            -0.160     0.110     3.600        16
9 -0.439000   2.95992   3.67887            -0.530     0.790     4.880         8
10 -0.396600   3.00001   2.97813             0.710     1.160     2.730         8
11  0.078400   3.39967   1.91652            -1.020    -0.410    -1.120         6
12 -0.039200   3.39967   1.50658             0.030    -1.510    -1.100         6
13 -0.039200   3.39967   1.50658             1.230    -0.910    -1.070         6
14  0.078400   3.39967   1.91652             0.990     0.590    -1.060         6
15  0.134900   3.39967   1.91652            -0.260     0.640    -1.990         6
16 -0.085300   3.47094   4.64238             0.040     0.130    -3.690        18
17 -0.085300   3.47094   4.64238            -1.060     2.250    -2.090        18
18 -0.071500   3.47094   4.64238             2.330     1.590    -1.580        18
19 -0.007400   3.47094   4.64238             2.760    -1.640    -1.010        18
20 -0.007400   3.47094   4.64238            -0.310    -3.170    -1.100        18
21 -0.071500   3.47094   4.64238            -2.600    -0.860    -1.720        18
22  0.052800   2.47135   0.27504             2.260     1.150     1.420         1
23  0.052800   2.47135   0.27504             1.520    -0.430     1.630         1
24  0.052800   2.47135   0.27504            -2.340    -1.140     1.290         1
25  0.052800   2.47135   0.27504            -0.650    -1.510     1.570         1
