mobley_1328936	-27.583956	-28.80656	#systeme  DGsolv_calc  DGsolv_expt (kJ/mol)
20
#    charge    sigma(Ang)  epsilon(kJ/mol)  x         y         z        Zatomic
1  0.122800   3.39967   1.91652             0.580    -1.010    -3.510         6
2 -0.433500   3.00001   2.97813             0.670    -1.030    -2.080         8
3  0.637601   3.39967   1.50658             1.930    -1.010    -1.570         6
4 -0.517901   2.95992   3.67887             2.970    -0.990    -2.200         8
5 -0.090400   3.39967   1.50658             1.890    -1.040    -0.110         6
6 -0.085600   3.39967   1.50658             2.920    -1.630     0.610         6
7 -0.082700   3.39967   1.50658             2.880    -1.650     2.000         6
8 -0.149500   3.39967   1.50658             1.800    -1.080     2.680         6
9 -0.082700   3.39967   1.50658             0.760    -0.480     1.960         6
10 -0.085600   3.39967   1.50658             0.810    -0.460     0.560         6
11  0.309100   3.25000   2.97813             1.760    -1.100     4.090         7
12 -0.200800   2.95992   3.67887             0.780    -0.580     4.680         8
13 -0.200800   2.95992   3.67887             2.700    -1.640     4.720         8
14  0.054800   2.47135   0.27504            -0.470    -1.030    -3.810         1
15  0.054800   2.47135   0.27504             1.110    -1.880    -3.920         1
16  0.054800   2.47135   0.27504             1.050    -0.100    -3.880         1
17  0.169600   2.59964   0.26278             3.770    -2.080     0.090         1
18  0.178200   2.59964   0.26278             3.690    -2.120     2.550         1
19  0.178200   2.59964   0.26278            -0.080    -0.030     2.470         1
20  0.169600   2.59964   0.26278            -0.010     0.000     0.010         1
